0 0.7157583859026552 0.5010877063797499 0.10583799007000333 0.9941423619326906
0 0.528721036817558 0.5086149936574479 0.08227848101265818 0.9995146245535546
0 0.2521097046413502 0.5767405063291139 0.12869198312236296 0.846518987341772
0 0.18987341772151886 0.5632911392405044 0.16455696202531678 0.8734177215189862
0 0.42147713494712064 0.5874079166679909 0.0948055088898807 0.7991156514565145
0 0.7514973298634208 0.5451492750781312 0.03977856781455376 0.9002605163251832
0 0.5854430379746838 0.8473101265822786 0.04008438818565423 0.2927215189873416
0 0.5272207676961715 0.6820487966180522 0.033769601632178674 0.6175811552438907
0 0.48578601869283217 0.8503901839863276 0.02742616033755276 0.25949367088607633
0 0.46729957805907174 0.8742088607594937 0.014767932489451496 0.22943037974683547
0 0.05168776371308017 0.7689873417721519 0.040084388185654005 0.4367088607594936
