0 0.052020410129312966 0.42723880597014985 0.0671641791044776 0.8544776119402997
0 0.1106965174129353 0.37126865671641796 0.02487562189054726 0.705223880597015
0 0.15609452736318408 0.5205223880597015 0.008706467661691537 0.41044776119402987
0 0.1896766169154228 0.375 0.023631840796019894 0.7388059701492538
0 0.22905466482561138 0.531769522084528 0.011194029850746285 0.4179104477611945
0 0.2356965174129353 0.5382462686567164 0.01865671641791046 0.40858208955223874
0 0.28474056214472243 0.4820153824427214 0.02238805970149251 0.8600746268656719
0 0.31156716417910446 0.40858208955223874 0.013681592039800954 0.7052238805970148
0 0.3507462686567163 0.4598880597014925 0.044776119402985086 0.9011194029850746
0 0.41977611940298504 0.41697761194029853 0.021144278606965158 0.7182835820895522
0 0.4670398009950248 0.40018656716417866 0.028606965174129365 0.789179104477611
0 0.5099502487562189 0.4151119402985074 0.01243781094527364 0.7444029850746269
0 0.5696517412935322 0.42723880597014924 0.02487562189054728 0.8171641791044776
0 0.5926616915422884 0.4309701492537313 0.01616915422885583 0.8171641791044776
0 0.6368159203980099 0.4860074626865672 0.01990049751243788 0.6623134328358209
0 0.6660447761194029 0.43190298507462677 0.028606965174129327 0.8190298507462686
0 0.7151741293532337 0.5624999999999999 0.01243781094527364 0.5764925373134328
0 0.7245628853178467 0.47828797108741766 0.023548650863492716 0.8473601701265077
0 0.7910447761194029 0.5270522388059702 0.042288557213930315 0.9235074626865672
0 0.8470149253731342 0.5074626865671642 0.044776119402985017 0.8768656716417911
0 0.9004975124378107 0.5205223880597015 0.029850746268656678 0.7910447761194029
0 0.9427860696517412 0.5261194029850745 0.01990049751243788 0.835820895522388
0 0.9701492537313432 0.5214552238805971 0.01990049751243788 0.7630597014925374
0 0.5435323383084576 0.5541044776119403 0.01243781094527364 0.4216417910447761
