0 0.49850299401197645 0.5512349154308835 0.08682634730538932 0.260154461600289
0 0.06175618558227525 0.6446749269715607 0.02424074574257532 0.03309054180732488
0 0.01904630022630919 0.6450597007135063 0.035783958000944534 0.0569465138079547
0 0.15121608058463656 0.64121196329405 0.013851854710043039 0.021547329548956072
0 0.12582101361622433 0.6450597007135063 0.01616049716171691 0.027703709420086042
0 0.18988584165017344 0.6285144298098438 0.02654938819424917 0.042325111614020444
0 0.2845401821688009 0.6354403571648654 0.012697533484206111 0.022316877032846988
0 0.9373088353795793 0.6315926197454089 0.018469139613390695 0.019238687097282037
0 0.980595881348464 0.6342860359390285 0.012697533484206077 0.015390949677825816
0 0.7935958427628828 0.6265905611001156 0.021932103290901495 0.0338600892912163
0 0.6943242173409077 0.6342860359390283 0.021932103290901353 0.02770370942008611
0 0.3157068552663977 0.6389033208423761 0.021932103290901495 0.033860089291216366
0 0.3422562434606469 0.6400576420682131 0.017314818387553856 0.031551446839542405
0 0.2539506696841225 0.6369794521326478 0.013851854710043021 0.028473256903977527
0 0.2689568456200025 0.6300535247776263 0.013851854710043092 0.0330905418073251
0 0.8945989500236133 0.6254362398742788 0.016160497161716875 0.03155144683954248
