0 0.43890639170908086 0.854643497236389 0.0072948430754971125 0.24748430582057154
0 0.46605941871232054 0.849780268519391 0.009726457433996244 0.21830493351858252
0 0.5106390152848034 0.8378923761000624 0.008105381194996965 0.21830493351858266
0 0.6889574015747337 0.8416748873243924 0.0081053811949948 0.2453228708352384
0 0.20476913017917175 0.8637733138179408 0.006484304955997477 0.18804484372392682
0 0.41580605530333975 0.8670717484020511 0.008105381194996965 0.20749775859192027
0 0.24030457979342537 0.8682560129469181 0.006484304955997488 0.15778475392927163
0 0.2941900774874682 0.870248338929086 0.00810538119499687 0.16643049387060205
0 0.26770915468165524 0.8760042793264327 0.006484304955997505 0.15130044897327397
0 0.22675499183667905 0.859948794219845 0.005673766836497797 0.17075336384126705
0 0.1927727539165362 0.8815802616703365 0.00567376683649781 0.12536322914928477
0 0.3592655847869057 0.8268829529031609 0.00891591931449667 0.2582914807472332
0 0.4863228716998124 0.8465381160413924 0.004863228716998122 0.23991928337190757
0 0.4893513039914821 0.8693969678875142 0.006484304955997528 0.20965919357725235
0 0.5377920422880429 0.8649103134167185 0.005673766836497762 0.17507623381193255
0 0.5710241051875301 0.8562645734753886 0.010536995553495956 0.19452914867992518
0 0.5353604279295439 0.8551838559827223 0.04133744409448404 0.22695067345991263
0 0.6455936121815015 0.8254641249344005 0.015400224270493937 0.21722421602591624
0 0.59736659407127 0.8643699546703855 0.006484304955997473 0.15454260145127363
0 0.17328123715559893 0.897576406477668 0.005673766836497797 0.10158744431062731
0 0.38703195206110097 0.8254641249344005 0.005673766836497762 0.2799058306005591
0 0.8255330747104321 0.793582958900746 0.010536995553495956 0.2917937230198875
0 0.1430599780916949 0.884363228284711 0.008915919314496588 0.11239461923729024
0 0.2464035883279051 0.8708542596263831 0.017831838628993103 0.13076681661261616
0 0.4567382303380741 0.8767982058360474 0.005673766836497762 0.15346188395860763
0 0.9122606534968987 0.8281659186660661 0.005673766836497833 0.13184753410528244
0 0.745289800879963 0.8935493269723743 0.008915919314496677 0.07889237696463652
0 0.12959828372684862 0.9130028652360686 0.00567376683649776 0.05511659212597831
