0 0.12597130853235977 0.08511346562558081 0.25194261706471954 0.028183975828405948
0 0.18516773860517674 0.3311411703705813 0.03078666075562775 0.2891791044776134
0 0.299527119222058 0.42178585610042474 0.027987873414207005 0.20895522388059765
0 0.38702513532709193 0.6216283355009548 0.06185045171045647 0.7462686567164227
0 0.462753678097432 0.5500764353948757 0.05877453416983473 0.6492537313432863
0 0.45917116544805303 0.6876353787241207 0.033585448097048505 0.35634328358209016
0 0.5190364038141007 0.6902262424386465 0.016792724048524322 0.3320895522388067
0 0.6916355361966566 0.5898978630996605 0.06541085828662276 0.6343283582089558
0 0.6115350341004251 0.4822761194029851 0.05877453416983492 0.3190298507462687
0 0.8080362143444592 0.6186461659539233 0.07276847087693829 0.4981343283582112
0 0.8213149098520574 0.2836554868993044 0.08396362024262101 0.3320895522388071
0 0.7938233362347614 0.1815797125900213 0.050378172145572636 0.2786503586594937
0 0.5261720201870933 0.6763059701492538 0.016792724048524263 0.2294776119402985
0 0.8643439611313777 0.5401833787399555 0.05037817214557268 0.26119402985074747
