0 0.276503164556962 0.37816455696202533 0.04509493670886073 0.699367088607595
0 0.637262658227848 0.42563291139240506 0.05458860759493675 0.4905063291139241
0 0.35574117589575344 0.4699118567366216 0.02136075949367088 0.5189873417721519
0 0.4497626582278481 0.45094936708860756 0.01661392405063289 0.34810126582278483
0 0.4079283220967387 0.4974231378133597 0.02373417721518989 0.26424050632911406
0 0.548259493670886 0.5158227848101266 0.018987341772151892 0.21518987341772144
0 0.15664556962025317 0.40822784810126583 0.056962025316455694 0.7278481012658229
0 0.7828807690701831 0.42797179100007926 0.04960661831466583 0.5632911392405073
0 0.05084284567770769 0.5471585814981637 0.013263351046358531 0.2318630256993047
0 0.08400122329360402 0.5294741134363523 0.008842234030905685 0.261337139135657
0 0.00957908686681449 0.5782706015262964 0.019158173733628985 0.19256420778416863
0 0.10168569135541539 0.47642070925091823 0.04126375881089322 0.5580432143949368
0 0.2166347337571893 0.5078597635830273 0.03242152477998754 0.30063595705079343
0 0.24095087734218 0.5250529964208994 0.007368528359088095 0.21516102808537169
0 0.4774806376689071 0.5461761110502853 0.01473705671817605 0.1336159809114637
0 0.5968507970861339 0.5481410519460421 0.017684468061811315 0.14737056718176142
0 0.6473244597380963 0.4633431560326214 0.02896298238304326 0.35368936123622885
0 0.703694458292911 0.5206318794054466 0.01621076238999365 0.2259682030120343
0 0.738326541580625 0.5058948226872706 0.011789645374541427 0.2750917254059546
0 0.8671485505792372 0.49025235056072136 0.03036266194943347 0.4811597328482289
0 0.9713192193614647 0.5931974622580515 0.019158173733629134 0.17880962151387114
0 0.7810640060633357 0.5255442316448387 0.017684468061811457 0.2436526710738456
0 0.9663041053172736 0.5757539814390557 0.013397324289251103 0.13843901765559338
0 0.3949772238466282 0.5747393692075423 0.012057591860325874 0.10092650964569067
0 0.3637373544531657 0.5768113259250393 0.006698662144625516 0.1554089617553121
0 0.3476605653060645 0.5741318610671889 0.006698662144625587 0.10717859431400818
