0 0.04890239892491565 0.5550373134328358 0.025149805161385194 0.539179104477612
0 0.12003411037726984 0.4056477739063502 0.041916341935642 0.7891791044776119
0 0.17884305892540578 0.4132462686567164 0.06706614709702716 0.8041044776119403
0 0.28223670236665604 0.42817164179104483 0.027944227957094617 0.7779850746268657
0 0.3171669873130244 0.43470149253731344 0.02514980516138522 0.7686567164179103
0 0.36862744459173025 0.4150182825915175 0.030738650752804016 0.7705223880597013
0 0.46724040929081206 0.40216200713184386 0.078243838279865 0.7481341411075804
0 0.6087085421075398 0.46043281659786883 0.044710764731351486 0.7164179104477626
0 0.7173815037752576 0.6288914561183212 0.050299610322770374 0.3042752282232844
0 0.8662710666699343 0.5037313432835819 0.1788430589254058 0.9925373134328358
0 0.6621408039973012 0.2632943927732928 0.050299610322770395 0.3264925373134333
