0 0.4779469936708861 0.5110759493670887 0.037381329113924056 0.977848101265823
0 0.20170472519574215 0.4982778714274577 0.02992211604850831 0.9758994913800776
0 0.7130441381926633 0.5127627320537077 0.0685466967044675 0.9910065201179037
0 0.6292373775166726 0.6374986456001518 0.015346814533993936 0.7133497348655848
0 0.4407889558960922 0.6484901863594793 0.014213814577169604 0.6482901580208386
0 0.12699031059404142 0.666651321347193 0.02403085443037967 0.6867088607594976
0 0.8773801823826554 0.5537776093015097 0.025810917721519052 0.7563291139240543
0 0.35365893291764067 0.8548802276589268 0.015130537974683465 0.2879746835443042
0 0.4957518236475464 0.828408418430864 0.014240506329114033 0.3481012658227853
0 0.5518196202531647 0.8623417721518988 0.010680379746835413 0.2689873417721519
0 0.0848894517894626 0.8288997207420742 0.014240506329113903 0.3481012658227858
0 0.5905359968354426 0.6621835443037974 0.01691060126582197 0.6756329113924047
0 0.7885454922679291 0.6210453648059651 0.017740731182365816 0.7584002650013155
0 0.13016437391212382 0.8409986502916889 0.009790348101265813 0.3180379746835455
0 0.22943344299002047 0.8371306173111474 0.008010284810126571 0.31329113924050694
0 0.6574838521915656 0.7864813938291063 0.017363911860557586 0.3389873077979965
0 0.4539161392405064 0.8639240506329113 0.014240506329113884 0.2531645569620252
0 0.37292325949367094 0.8481012658227849 0.019580696202531625 0.2658227848101265
0 0.8933067752891395 0.8168620867723456 0.032931170886075965 0.3765822784810135
0 0.4120846518987342 0.9264240506329113 0.012460443037974613 0.11550632911392412
0 0.3343400849024753 0.8049946159267701 0.014240506329113991 0.3797468354430382
0 0.2533500442028094 0.8306645186606728 0.010680379746835415 0.3196202531645579
0 0.26634869495581726 0.5423224171454057 0.014382448010761505 0.49208860759493894
