0 0.5286787974683542 0.6424050632911391 0.051028481012658 0.7151898734177214
0 0.6365632400727518 0.716355007926961 0.040348101265821786 0.5696202531645572
0 0.6940829460685489 0.5003122866739874 0.08425809172891627 0.6150780926666647
0 0.3555364278098578 0.7750723105786217 0.03305172457203991 0.4683544303797465
0 0.4460974468006424 0.8903486030511688 0.014240506329113951 0.2183544303797479
0 0.23544545182659038 0.8490370924390711 0.022547468354430302 0.3180379746835456
0 0.2299877921253158 0.6090410427056693 0.0379746835443037 0.43987341772152033
0 0.16310771463438523 0.4861336472825421 0.034414556962025236 0.3354430379746855
0 0.15277941647269327 0.8958049322216622 0.02373417721518982 0.2183544303797472
0 0.6277689873417722 0.8417721518987341 0.026107594936708837 0.3164556962025317
0 0.8270055896285615 0.8782833195002676 0.04473637913909901 0.27689873417721633
0 0.1185522151898724 0.38813291139240486 0.03204113924050632 0.22784810126582392
0 0.34816090755794976 0.908245781550118 0.018987341772151885 0.1882911392405073
0 0.08567540491926652 0.855157381831984 0.018987341772151854 0.1617140494685106
0 0.0892209077844575 0.9499157876868134 0.01661392405063291 0.15031645569620344
0 0.2833973889639529 0.8591364390461114 0.02610759493670891 0.29113924050632994
0 0.4746835443037975 0.7681962025316456 0.04034810126582279 0.45094936708860756
0 0.3786912679416192 0.9361132200445437 0.014240506329113937 0.12025316455696218
0 0.9189213583003166 0.40000193189787336 0.05814873417721509 0.1265822784810133
