0 0.6473125101190835 0.49585901425973977 0.024920886075949264 0.9887418767984467
0 0.5972211085566819 0.5277058873266757 0.024938317498990205 0.867088607594943
0 0.7008999208860759 0.47389240506329117 0.024030854430379806 0.8496835443037974
0 0.36424724986379503 0.5252116535879364 0.022250791139240472 0.8073475577963491
0 0.5485266252751014 0.49185952908760255 0.016910601265822778 0.8670886075949383
0 0.3016079727220524 0.5133902909805486 0.04272151898734136 0.9688692296582999
0 0.33912366416167844 0.5269480328145806 0.02028198111154942 0.9041356022443717
0 0.8838967277817978 0.4910450158654843 0.03167811674550451 0.96217844307662
0 0.7814477848101266 0.507120253164557 0.019580696202531556 0.833860759493671
0 0.18381386018072177 0.4943862274119279 0.05988500848879563 0.9882056092869843
0 0.5250841575998549 0.6242402081757166 0.014872892859010289 0.5866362411090049
0 0.38735401114930845 0.5153543712702471 0.024920886075949434 0.768987341772154
0 0.6327462098688308 0.6105183144836017 0.011253495803425209 0.5617088607594943
0 0.8209827226222579 0.5035145050110009 0.05953740967587344 0.9926885547854983
0 0.5129697998347079 0.6435003255294112 0.01356479084286657 0.49824646348982216
0 0.4992731028173724 0.6737669402749783 0.014569590164560362 0.423355447540332
0 0.4883763400249891 0.6873370219573371 0.008038394573550866 0.39477448905659446
0 0.4644000349825633 0.7354671176513767 0.009545593556091402 0.2715191055954874
0 0.48262619519305283 0.6909979710304396 0.006531195591009842 0.3751250800990283
0 0.476184088693162 0.7044682344452033 0.003954703253465072 0.3465441216152926
0 0.6053031158120741 0.6804101832458912 0.011052792538632183 0.4251417574455648
0 0.6563053873297209 0.6352166181925275 0.009545593556091348 0.5064188581336891
0 0.3774216300206963 0.7121459976953747 0.012559991521172794 0.3786976999094951
0 0.38329138843287935 0.6947932546530627 0.01356479084286658 0.40459919353538076
0 0.3985760717831166 0.6678791795122159 0.01005434598007903 0.4608679555502331
0 0.40412061967842006 0.6860178504116639 0.007535994912703686 0.395667644009213
0 0.40529488764123545 0.8334138373233714 0.0030143979650814807 0.074131861067189
0 0.41590714961447234 0.8294778203866673 0.0030143979650814855 0.08217025564073978
0 0.44400374786278773 0.8266600313568759 0.0017015490660956068 0.08469933129009466
0 0.4325765422176742 0.8268201172729311 0.001701549066095609 0.0781452163688374
0 0.4541023499919203 0.8265988037121985 0.0022687320881275455 0.06654947458507426
0 0.9539860054347971 0.7334220630299173 0.008510650254746805 0.2690986556738964
