0 0.8900316455696199 0.6780063291139236 0.12816455696202503 0.3718354430379746
0 0.7108386075949368 0.7531645569620252 0.0308544303797467 0.12341772151898724
0 0.6218354430379748 0.761867088607595 0.018987341772151823 0.06487341772151893
0 0.09612341772151899 0.8061708860759493 0.04509493670886076 0.2420886075949366
0 0.27412974683544294 0.7738815729249238 0.016613924050632885 0.08257327243212599
0 0.5660601265822786 0.7681962025316456 0.016613924050633035 0.030063291139240732
0 0.29905063291139233 0.7689873417721518 0.014240506329113955 0.056962025316455875
0 0.5165945757556976 0.7625662128461604 0.012099904470013528 0.02067067013627309
0 0.32791169042642393 0.7716411411986707 0.006806196264382649 0.022687320881275355
0 0.49844471905067733 0.7600453994149078 0.0075624402937584274 0.016637368646268698
0 0.3362303747495583 0.7676078397086661 0.006806196264382578 0.01562904327376742
0 0.48596669256597586 0.7605495621011582 0.008318684323134278 0.013612392528765156
0 0.4712199339931469 0.7587849926992811 0.0075624402937584274 0.011091579097512324
0 0.46403561571407637 0.758532911356156 0.006806196264382649 0.013612392528765298
0 0.34757403519019603 0.7650870262774134 0.0037812201468791786 0.016637368646268698
0 0.445885759009056 0.7570204232974043 0.006806196264382578 0.01159574178376289
0 0.4345420985684183 0.756768341954279 0.008318684323134349 0.01310822984251473
0 0.35589271951333035 0.7608016434442836 0.005293708205630949 0.0181498567050204
0 0.537789316497525 0.7647788670723582 0.013053356574905023 0.02657710437773446
