0 0.10580958083832336 0.49900199600798395 0.11845349301397207 0.9500998003992014
0 0.9176818363273452 0.4910179640718563 0.1370866267465071 0.9461077844311377
0 0.8218542914171657 0.3822355289421157 0.035935329341317296 0.7445109780439121
0 0.7193720558882235 0.4151696606786427 0.04392095808383232 0.7864271457085827
0 0.6568179640718563 0.4710578842315369 0.04125908183632731 0.7544910179640718
0 0.2116191616766467 0.5009980039920159 0.04259001996007985 0.7824351297405188
0 0.25953293413173656 0.4890219560878242 0.03460439121756483 0.5429141716566864
0 0.42922754491017967 0.45708582834331324 0.027949700598802352 0.6227544910179639
0 0.6082387225548902 0.42415169660678637 0.03460439121756487 0.5728542914171656
0 0.5563321357285429 0.47005988023952083 0.03726626746506987 0.6247504990019959
0 0.3640115768463074 0.5049900199600798 0.04924471057884233 0.6666666666666665
0 0.3007920159680639 0.44710578842315374 0.03460439121756487 0.5349301397205589
0 0.17568383233532933 0.3902195608782435 0.018633133732534935 0.6367265469061877
0 0.5237241516966068 0.33532934131736525 0.019964071856287475 0.502994011976048
0 0.4904506986027944 0.368263473053892 0.025287824351297495 0.4331337325349299
0 0.467824750499002 0.49700598802395207 0.019964071856287405 0.339321357285429
0 0.7632930139720558 0.3313373253493014 0.03327345309381229 0.5868263473053892
