0 0.014732064535831944 0.23694029850746273 0.02946412907166389 0.45522388059701496
0 0.06813579847822272 0.17537313432835824 0.0159597365804846 0.34701492537313433
0 0.11294412335726131 0.39179104477611987 0.03437481725027451 0.7835820895522398
0 0.13320241684481382 0.45802238805970147 0.020870424759095254 0.28917910447761197
0 0.16450805398345672 0.5382462686567164 0.022098096803747927 0.40858208955223874
0 0.20379355941234195 0.44216417910447753 0.09084773130429703 0.884328358208955
0 0.27868155413615425 0.43003731343283574 0.024553440893053242 0.41977611940298504
0 0.37014312146277645 0.4300373134328352 0.05033455383075909 0.8526119402985062
0 0.49009675924538315 0.4068987730575743 0.04665153769680098 0.7944757075234473
0 0.5217606189773811 0.5904850746268657 0.0319194731609691 0.3339552238805971
0 0.4726537371912748 0.5951492537313433 0.019642752714442508 0.2835820895522388
0 0.5598184523616138 0.5522388059701493 0.01964275271444258 0.2611940298507463
0 0.5978762857458463 0.5130597014925374 0.02700878498235859 0.29850746268656714
0 0.6494385116212582 0.503731343283582 0.019642752714442508 0.2835820895522388
0 0.6894770411552671 0.46621866214486063 0.040513177473537526 0.6809701492537328
0 0.7390585708809024 0.5643656716417911 0.02700878498235866 0.3227611940298508
0 0.7857101085777035 0.542910447761194 0.03191947316096929 0.4626865671641791
0 0.8526182350112737 0.5960820895522388 0.042968521562843164 0.38992537313432835
0 0.882102258565913 0.45995124281168864 0.11171815606339147 0.9067606683741274
0 0.9781782613922119 0.5466417910447761 0.043643477215576494 0.5746268656716417
0 0.061724620927184254 0.5492270352908352 0.019642752714442584 0.40111940298507504
0 0.3063041751408391 0.43376865671641796 0.01595973658048461 0.11380597014925378
0 0.8139465656047148 0.49067164179104483 0.012276720446526638 0.0895522388059701
0 0.6224297266388996 0.48787313432835816 0.009821376357221325 0.07276119402985066
0 0.49229648990571734 0.542910447761194 0.017187408625137266 0.23880597014925378
