0 0.5802773722420209 0.5025586629990558 0.03387029281414328 0.9951685425361042
0 0.6730264858775966 0.6834225221679036 0.021144278606964963 0.6287313432835826
0 0.7122777300139066 0.6932637049418485 0.04353233830845835 0.6138059701492525
0 0.4668156503664125 0.592578682726331 0.05076110671712932 0.7911654580421079
0 0.3311148276803997 0.49718343132618004 0.0386768154261121 0.959302021125816
0 0.38868159203980107 0.9505597014925374 0.01119402985074629 0.009328358208955051
0 0.4190780308875553 0.6640105730916344 0.035412662931807004 0.6701495496289254
0 0.28550314185128045 0.8021868992671761 0.03391471598801137 0.3936567164179125
0 0.2317889058955069 0.5856538944908972 0.05730191160121755 0.817164179104488
0 0.13990260751420242 0.8107851446573268 0.028754042332971977 0.3432835820895545
0 0.8034825870646768 0.9216417910447761 0.02736318407960198 0.15298507462686559
0 0.05218074858277732 0.07793852122220268 0.03482587064676592 0.15587704244440537
0 0.0690782445803197 0.40446018197717865 0.020053445856237535 0.27238805970149393
0 0.10382557389252202 0.4156790448868197 0.03216453190357921 0.5616951558265519
0 0.14799805842282418 0.5857808000470159 0.04557438125291276 0.7985074626865699
0 0.8470149253731344 0.38992537313432835 0.03731343283582092 0.05597014925373138
