0 0.04313361921527077 0.5009328358208954 0.02537271718545339 0.960820895522388
0 0.09705064323435923 0.5158582089552239 0.00888045101490869 0.7593283582089552
0 0.16442376401789438 0.4952866892493789 0.07766253140265643 0.9733598839688491
0 0.25295867422390933 0.4710252192977505 0.044402255074543345 0.9407967476603085
0 0.2366005877543529 0.05503731343283581 0.011417722733454028 0.005597014925373136
0 0.28100284282889637 0.7052238805970148 0.029178624763271443 0.3470149253731343
0 0.3717103067668922 0.48134328358208955 0.03044726062254412 0.9626865671641791
0 0.402081078729451 0.5850740616101404 0.020298173748362715 0.5280227161548439
0 0.44211959695652536 0.6110074626865672 0.011417722733454028 0.35634328358208966
0 0.48081299066434174 0.5018656716417914 0.05581997780799744 0.9962686567164173
0 0.5353643326130666 0.4841417910447761 0.04313361921527068 0.9682835820895522
0 0.5835724952654281 0.44496268656716415 0.04567089093381607 0.8899253731343285
0 0.6584220109625156 0.49906716417910446 0.032984532341089265 0.9347014925373134
0 0.6958467688110593 0.5046641791044776 0.03679043991890737 0.9832089552238805
0 0.7364431163077847 0.49720149253731344 0.03679043991890737 0.9757462686567164
0 0.7948003658343274 0.49720149253731344 0.03425316820036215 0.8376865671641791
0 0.8347623954014167 0.48134328358208944 0.038059075778180074 0.9067164179104477
0 0.865394443598647 0.4398815033516511 0.019029537889090002 0.8134328358208959
0 0.9280071310579578 0.480410447761194 0.03425316820036215 0.960820895522388
0 0.9831927909363156 0.43003731343283635 0.027909988903998508 0.8190298507462697
