0 0.7889221556886227 0.7285429141716564 0.11077844311377248 0.4990019960079836
0 0.29940119760479045 0.8932135728542913 0.09580838323353294 0.12974051896207583
0 0.9326347305389221 0.7674650698602794 0.13473053892215575 0.4451097804391217
0 0.6437125748502993 0.7734530938123751 0.11377245508982028 0.41317365269461065
0 0.4491017964071856 0.8463073852295407 0.05988023952095815 0.15568862275449105
0 0.5419161676646707 0.8263473053892214 0.09580838323353298 0.25948103792415167
0 0.2245508982035928 0.8023952095808383 0.029940119760479077 0.3552894211576845
0 0.15269461077844312 0.8163672654690618 0.03592814371257488 0.2954091816367266
0 0.0658682634730539 0.7994011976047903 0.05988023952095809 0.3333333333333332
0 0.3862275449101796 0.8502994011976048 0.029940119760479077 0.09980039920159683
