0 0.6467994375808395 0.8283227848101271 0.03560363876591779 0.3212025316455701
0 0.8209009651581312 0.8022180915171481 0.03560363876591764 0.36867088607594944
0 0.6834434740176113 0.5698781562605496 0.02848291101273432 0.838607594936709
0 0.7365873459376137 0.6143434885462166 0.04194740875374811 0.7056471310186513
0 0.94753484174236 0.7333263762391702 0.018988607341822783 0.20411392405063322
0 0.42238906662230513 0.8777665522289623 0.026109335095006316 0.18987341772151914
0 0.32541701373381365 0.6965958715439616 0.04034249528105171 0.5496086619761683
0 0.3595967515357688 0.754746835443038 0.011867879588639314 0.4082278481012657
0 0.16940209476214071 0.6112415143097849 0.059339397943196065 0.6977848101265842
0 0.23902369310496738 0.6172289781160514 0.02572350326517189 0.7307095480122081
0 0.2827450684420618 0.669596712634295 0.018988607341822738 0.6028481012658239
0 0.06359026968898625 0.5869112670298459 0.02848291101273415 0.474683544303798
0 0.21243504463664223 0.8314873417721519 0.021362183259550593 0.29272151898734167
0 0.2662068302322475 0.8046146111219621 0.014241455506367115 0.2547468354430385
0 0.2753127289364306 0.8315688256147253 0.009059651043612007 0.24828499809781535
0 0.8102989202978967 0.811198068999106 0.025091646071277167 0.326880361432851
