0 0.369588833119918 0.5313391262999552 0.08747521235848589 0.9644958124229439
0 0.740506329113924 0.5759493670886076 0.07594936708860772 0.5189873417721519
0 0.6452196733254048 0.6753152162499114 0.09200837743836113 0.3654101122358998
0 0.05210337897091758 0.7741311591519177 0.10420675794183527 0.4834281820233193
0 0.12691729316764172 0.4617377369115498 0.06340229755657024 0.6872854079504225
0 0.9014771228200098 0.3008932490549523 0.10165229311770908 0.536392405063292
0 0.9619929762833092 0.8192174240922923 0.0806962025316455 0.31012658227848156
0 0.8291139240506328 0.6249999999999998 0.04430379746835469 0.42405063291139217
0 0.33465189873417706 0.4889240506329113 0.10917721518987386 0.6645569620253167
0 0.09913098407391908 0.09303363496455233 0.0712025316455695 0.18354430379746853
0 0.020569620253164566 0.7879746835443036 0.04113924050632913 0.3069620253164558
0 0.8679586381138396 0.625272050273463 0.05507424267694987 0.30093949251620755
