0 0.20180737423270972 0.6339336490241629 0.029850746268656633 0.5578358208955239
0 0.22690838232628813 0.7268109114863216 0.022388059701492505 0.5426253072637065
0 0.2621700958431184 0.779979455407324 0.0248756218905472 0.42910447761194087
0 0.3472706835047587 0.7257423041287132 0.019900497512437748 0.5471818973349678
0 0.35073503201562994 0.7872306677690477 0.024875621890547303 0.3997608779441137
0 0.43781094527363157 0.7845149253731339 0.024875621890547272 0.4309701492537306
0 0.5223880597014922 0.8311567164179107 0.04477611940298507 0.3376865671641789
0 0.6463720549070725 0.9542412026783182 0.020493588779635787 0.09701492537313448
0 0.6629422830122619 0.9049257249731707 0.03980099502487556 0.20149253731343275
0 0.8609322211227307 0.9500245952852301 0.02487562189054725 0.09701492537313444
0 0.1492537313432836 0.9682835820895522 0.024875621890547314 0.06343283582089555
0 0.3768656716417911 0.9710820895522388 0.02238805970149258 0.0578358208955224
0 0.3569651741293532 0.9720149253731344 0.01741293532338311 0.05223880597014911
0 0.17412935323383086 0.9841417910447761 0.01990049751243781 0.031716417910447776
0 0.572139303482587 0.9692164179104478 0.01990049751243788 0.061567164179104454
0 0.3859459827225987 0.8350140703030634 0.02736318407960198 0.1548507462686568
