0 0.048522096432135724 0.440119760479042 0.09172670284431136 0.8642714570858284
0 0.17015968063872255 0.26746506986027946 0.0345636851297405 0.530938123752495
0 0.22732269835329336 0.437125748502994 0.03988117514970055 0.8063872255489022
0 0.36025994885229534 0.39920159680638734 0.04253992015968066 0.7864271457085831
0 0.42340514283932135 0.40918163672654695 0.03057556761477038 0.7664670658682635
0 0.5596658246007985 0.4321357285429142 0.058492390219560875 0.8003992015968064
0 0.8401634231536925 0.38423153692614775 0.06646862524950095 0.7005988023952097
0 0.6666803112524949 0.3493013972055889 0.04918678268463083 0.662674650698603
0 0.9684478698852295 0.25049900199600805 0.0332343126247504 0.4770459081836328
0 0.9252432634730539 0.24451097804391217 0.02126996007984033 0.4251497005988024
0 0.7544188965818364 0.29341317365269465 0.011964352544910213 0.5429141716566867
0 0.7191905251996008 0.27445109780439125 0.03456368512974052 0.48103792415169666
0 0.4566394554640719 0.33433133732534936 0.019940587574850285 0.5848303393213573
0 0.7856591504491018 0.27245508982035926 0.03456368512974052 0.49301397205588826
0 0.6301225673652695 0.3812375249500998 0.03456368512974059 0.6786427145708583
0 0.3037616173902196 0.3812375249500994 0.02259933258483048 0.7584830339321349
0 0.27119199101796404 0.3283433133732535 0.03190494011976046 0.5728542914171657
