0 0.4871103680311218 0.41693037974683533 0.054518435351415186 0.8338607594936707
0 0.5451843535141508 0.3947784810126582 0.03792586807054967 0.745253164556962
0 0.2785180936430988 0.38291139240506333 0.03555550131614026 0.7405063291139241
0 0.4029623482495897 0.3496835443037975 0.04266660157936833 0.699367088607595
0 0.741924794130127 0.45569620253164556 0.023703667544093605 0.5
0 0.5985176054883613 0.3544303797468354 0.03555550131614026 0.7025316455696202
0 0.8817764326402788 0.40506329113924044 0.056888802105824254 0.6898734177215189
0 0.8035543297447703 0.3908227848101265 0.023703667544093462 0.5981012658227847
0 0.764443278297016 0.4572784810126582 0.021333300789683988 0.45569620253164556
0 0.9351096846144893 0.37262658227848106 0.026074034298502937 0.6471518987341773
0 0.9369032986300809 0.3893821715620014 0.03318513456173077 0.6218354430379751
0 0.09007393666755537 0.3496835443037975 0.028444401052912217 0.699367088607595
0 0.2394070421953445 0.3813291139240506 0.023703667544093535 0.5537974683544303
0 0.041117018206225715 0.20624579598580017 0.02844440105291221 0.3718354430379749
0 0.6340731068045016 0.550632911392405 0.016592567280865465 0.22784810126582272
0 0.7154334723663394 0.5630548527727933 0.023703667544093445 0.25000000000000017
