0 0.011815920398009949 0.5186567164179103 0.023631840796019897 0.36567164179104467
0 0.0377297505950121 0.5119469568915748 0.02274308690124972 0.44962686567164234
0 0.06982092702091351 0.43510031508203556 0.01368159203980099 0.27611940298507465
0 0.09658236699958808 0.4849173333294929 0.012437810945273608 0.34494614837147713
0 0.1380597014925373 0.47108208955223885 0.04477611940298505 0.4682835820895523
0 0.18034825870646767 0.4654850746268657 0.01990049751243781 0.4235074626865672
0 0.2083333333333333 0.4757462686567165 0.01119402985074622 0.3768656716417911
0 0.2388059701492537 0.4869402985074627 0.014925373134328375 0.414179104477612
0 0.2674129353233831 0.5074626865671642 0.022388059701492477 0.4440298507462687
0 0.29477611940298504 0.4710820895522388 0.017412935323383075 0.375
0 0.3264925373134329 0.5027985074626865 0.01368159203980111 0.4085820895522388
0 0.3407960199004975 0.4944029850746269 0.012437810945273638 0.38805970149253727
0 0.3582089552238806 0.4990671641791045 0.009950248756218869 0.28917910447761197
0 0.3681592039800995 0.5167910447761195 0.009950248756218869 0.2537313432835822
0 0.3949004975124379 0.4253731343283582 0.043532338308457735 0.6044776119402986
0 0.4402985074626865 0.4748134328358209 0.014925373134328408 0.47947761194029853
0 0.4651741293532339 0.4841417910447761 0.01990049751243788 0.32276119402985076
0 0.48569651741293535 0.5111940298507462 0.008706467661691591 0.3283582089552239
0 0.5074626865671642 0.4897388059701492 0.012437810945273638 0.3526119402985074
0 0.5317164179104478 0.4748134328358208 0.01119402985074622 0.3712686567164178
0 0.5615671641791042 0.45522388059701463 0.0161691542288556 0.4440298507462683
0 0.5988805970149254 0.44869402985074625 0.028606965174129327 0.4757462686567163
0 0.6262437810945273 0.45149253731343286 0.018656716417910384 0.46641791044776126
0 0.6679104477611928 0.4151119402985074 0.01990049751244 0.5055970149253732
0 0.685323383084577 0.5027985074626864 0.012437810945273636 0.32276119402985054
0 0.7213930348258707 0.5158582089552239 0.012437810945273638 0.2966417910447761
0 0.7493781094527364 0.5121268656716418 0.018656716417910387 0.3264925373134328
0 0.7742537313432836 0.5055970149253731 0.01368159203980099 0.36567164179104483
0 0.7935323383084577 0.4822761194029851 0.014925373134328339 0.289179104477612
0 0.8134328358208955 0.5130597014925372 0.014925373134328481 0.2835820895522388
0 0.8488805970149252 0.5242537313432836 0.008706467661691449 0.2164179104477612
0 0.8710427709319184 0.517912961170679 0.03482587064676621 0.36007462686567204
0 0.9205575540846932 0.5142749569912672 0.021144278606965085 0.201492537313433
0 0.9421641791044776 0.5410447761194029 0.026119402985074633 0.35820895522388063
0 0.9681961048777008 0.5155849393982659 0.01119402985074629 0.1735074626865673
0 0.9888059701492535 0.5606343283582089 0.017412935323383012 0.3339552238805972
0 0.8321754656019794 0.4932564095221234 0.009950248756218937 0.19962686567164206
0 0.646766169154229 0.4944029850746269 0.004975124378109541 0.1791044776119403
0 0.7052238805970157 0.49253731343283597 0.009950248756218813 0.20149253731343303
