0 0.2788514921676148 0.5015822784810127 0.07356932984847706 0.9968354430379747
0 0.736879900579101 0.47626582278481017 0.06407651309383496 0.9430379746835443
0 0.41507414656972486 0.44620253164557006 0.05221049215053213 0.8924050632911401
0 0.2101975167361234 0.5173136910825946 0.026105246075266063 0.7405780507617763
0 0.5189537873748259 0.49520996208867657 0.023732041886605583 0.8069620253164558
0 0.92643702114015 0.4524021299475359 0.04035564363082598 0.8991733327002449
0 0.8946979791250277 0.4841772151898735 0.023732041886605514 0.6234177215189874
0 0.026105246075266045 0.4485759493670887 0.03322485864124768 0.8813291139240508
0 0.6237015966893018 0.5483837221466681 0.031381212412040255 0.614604038079297
0 0.05589778460894687 0.5457683858144158 0.041187841290802954 0.5309132754472224
0 0.371798112355413 0.5647252184500406 0.017651931981772687 0.6167125177904673
0 0.1755386569298502 0.43657809394288166 0.029419886636287827 0.6656030965582186
0 0.6411009129382829 0.5143641085322698 0.03529577104312172 0.5737753930840794
0 0.4579695686382139 0.46534679359765674 0.02157458353327819 0.710063814206507
0 0.5809858685263499 0.499995338156577 0.01372928043026754 0.6878334553823623
0 0.7894336247403899 0.46992363217909827 0.02941988663628777 0.6459880740663249
0 0.8718093073219958 0.4790773093419814 0.02941988663628777 0.567527984098755
0 0.9149584743885513 0.5451145517313526 0.02941988663628777 0.4276074903232555
0 0.10395026611488362 0.5621142378909929 0.023535909309030264 0.3203787007009101
0 0.35794195407483514 0.49673082958468456 0.037265189739297926 0.3962234543362277
0 0.4913121068260065 0.4594622868500889 0.021574583533277618 0.470760539805419
0 0.8266988144796877 0.46730829584684586 0.025497235084782802 0.5256826027827178
0 0.14415744451781032 0.4450779370227012 0.01765193198177274 0.4681452034731667
0 0.12062153520878006 0.43134742127837633 0.025497235084782764 0.46683753530704036
