0 0.1493825215066942 0.7504990019960079 0.01472785423305437 0.1317365269461078
0 0.3066549649239533 0.7704590818363273 0.022091781349581546 0.07584830339321356
0 0.223021792671966 0.7734530938123753 0.01683183340920497 0.09780439121756473
0 0.19672205297008324 0.7734530938123753 0.012623875056903735 0.08183632734530931
0 0.26404938660690314 0.7654690618762475 0.00631193752845185 0.08582834331337325
0 0.27404328769361863 0.7714570858283433 0.007363927116527158 0.07784431137724539
0 0.28508917836840936 0.7644710578842315 0.010519895880753118 0.07984031936127735
0 0.3576764599456059 0.7544910179640718 0.008415916704602466 0.07185628742514964
0 0.3708263297965473 0.7604790419161677 0.007363927116527122 0.06786427145708586
0 0.38765816320575225 0.7604790419161677 0.01577984382112966 0.07584830339321356
0 0.42921175193472705 0.7724550898203593 0.012623875056903771 0.08383233532934127
0 0.4570894760187228 0.7734530938123753 0.019987802173430894 0.11776447105788435
0 0.5102149502165261 0.7594810379241517 0.023143770937656852 0.09780439121756487
0 0.47865526257426666 0.7544910179640718 0.012623875056903771 0.08383233532934127
0 0.5701783567368187 0.7724550898203593 0.012623875056903771 0.08383233532934127
0 0.5417746378587853 0.7564870259481037 0.014727854233054387 0.07185628742514964
0 0.5570284868858774 0.7574850299401197 0.011571885468828497 0.0738522954091816
0 0.6027900339671534 0.7704590818363273 0.012623875056903771 0.06387225548902194
0 0.6180438829942454 0.7854291417165669 0.011571885468828355 0.06986027944111782
0 0.6280377840809609 0.7544910179640718 0.016831833409205004 0.07584830339321356
0 0.6485515810484295 0.7744510978043913 0.017883822997280276 0.07584830339321372
0 0.6669613988397475 0.7614770459081837 0.0126238750569037 0.09780439121756487
0 0.7111449615389105 0.7624750499001997 0.01893581258535562 0.09980039920159697
0 0.7369187064467556 0.7654690618762475 0.01577984382112959 0.09381237524950109
0 0.8116099672001027 0.7594810379241517 0.013675864644979044 0.09780439121756487
0 0.7616404617665253 0.7614770459081837 0.016831833409205074 0.08982035928143717
0 0.8415916704602492 0.7564870259481037 0.016831833409205074 0.10379241516966076
0 0.8678914101621319 0.7594810379241517 0.010519895880753012 0.10578842315369272
0 0.9736163637637005 0.7524950099800399 0.011571885468828355 0.05588822355289409
0 0.9094449988911066 0.7634730538922156 0.011571885468828355 0.04191616766467078
0 0.9452126448856671 0.7584830339321357 0.013675864644979044 0.047904191616766525
0 0.9920261815550186 0.7594810379241517 0.010519895880753154 0.04990019960079849
0 0.9567845303544956 0.7455089820359282 0.017883822997280276 0.07784431137724553
