0 0.3263449367088608 0.4659810126582274 0.059335443037974625 0.8528481012658219
0 0.5399525316455696 0.25712025316455694 0.049841772151898805 0.5079113924050632
0 0.2302215189873418 0.583860759493671 0.01424050632911392 0.3037974683544304
0 0.13172468354430378 0.5363924050632911 0.016613924050632906 0.32278481012658233
0 0.6050376196904199 0.2997755365228724 0.05458860759493688 0.4367088607594951
0 0.035601265822784806 0.5284810126582279 0.028481012658227854 0.20569620253164558
0 0.44226093880132056 0.4583506559343086 0.016613924050632882 0.40822784810126644
0 0.822166801598676 0.45810046471375043 0.026107594936708955 0.4715189873417722
0 0.7010735530231282 0.3555436495083503 0.02373417721518972 0.28955696202531767
0 0.38686708860759494 0.45094936708860756 0.023734177215189903 0.2879746835443038
0 0.09375 0.8789556962025317 0.016613924050632924 0.125
0 0.84375 0.942246835443038 0.03560126582278471 0.07436708860759494
0 0.4307753164556962 0.8322784810126582 0.030854430379746844 0.05063291139240505
