0 0.49207089552238836 0.5643656716417909 0.20055970149253696 0.8190298507462684
0 0.2812563293811656 0.7750556236353912 0.016324626865671654 0.26492537313432934
0 0.7547513253293978 0.8015796714684014 0.01865671641791036 0.23134328358209044
0 0.817525573134661 0.8055921809819775 0.03264925373134332 0.2089552238805976
0 0.8896886543248859 0.8029393382063341 0.032649253731343135 0.2294776119402985
0 0.23525663045285644 0.7582479039616071 0.020539604912870293 0.32227635977307606
0 0.8999916833782672 0.21856859026118683 0.2705223880597012 0.022388059701492602
0 0.7150530695898537 0.8287022196483815 0.018656716417910512 0.10634328358208983
0 0.6182580483997299 0.8268399927491826 0.00932835820895534 0.11194029850746307
0 0.6567221759359885 0.8141415852140385 0.018656716417910387 0.12313432835820892
0 0.0334318245231365 0.9025385985108936 0.024060835749054706 0.20335820895522513
0 0.15171225989514917 0.5413281955658562 0.018656716417910415 0.1921641791044783
0 0.8672008417320731 0.5482175507678005 0.018656716417910377 0.19962686567164248
0 0.8603457054916592 0.6113245830869347 0.025652985074626815 0.20149253731343295
0 0.07579291044776115 0.333400638656183 0.15158582089552228 0.024253731343283565
0 0.288581322011297 0.7877584481947768 0.020988805970149203 0.1977611940298512
0 0.31178304589049577 0.8131682645502072 0.023320895522388047 0.1492537313432837
0 0.38544857209749916 0.8271976204292855 0.03485390770575158 0.11753731343283592
