0 0.07753837870831032 0.5083955223880597 0.05020470563847427 0.9832089552238804
0 0.13783119490958384 0.4956274637797958 0.05132036576377365 0.9710761034361872
0 0.22368985512253464 0.4962686567164173 0.059129986640869575 0.9925373134328346
0 0.4063435774301134 0.49326412731855485 0.037932444260180505 0.9858919084277656
0 0.4557471611848166 0.4981343283582089 0.027891503132485767 0.7425373134328358
0 0.4740923499723667 0.38258485735817843 0.017850562004790738 0.44985333207781836
0 0.5354981788056821 0.7601367791903243 0.030122823383084408 0.47449836215677166
0 0.5489047816473193 0.5018656716417906 0.031238483508384 0.9962686567164168
0 0.5777315811899005 0.5500992563566137 0.015619241754192053 0.6902349651917955
0 0.6162455577294285 0.5839459267252575 0.01227226137829362 0.5708955223880601
0 0.6556602631169048 0.5871296563150256 0.025660182881886862 0.7574626865671648
0 0.7107842764939679 0.5034346490443027 0.03681678413488145 0.9754291709075322
0 0.7630557204153591 0.6282760307920232 0.02008188225538985 0.5522388059701502
0 0.8211258522203795 0.6026119402985074 0.026775843007186353 0.6567164179104478
0 0.8791401787359499 0.5130597014925371 0.04462640501197725 0.9738805970149254
0 0.843439054726368 0.6763059701492538 0.026775843007186353 0.6473880597014926
0 0.9232087536852772 0.6697761194029852 0.03458546388428232 0.6119402985074627
0 0.984196494379952 0.6184701492537313 0.03160701124009591 0.6138059701492538
0 0.2822620117007555 0.7350746268656717 0.03346980375898287 0.29477611940298515
0 0.006136130689146858 0.8069029850746268 0.012272261378293715 0.2667910447761193
0 0.04685772526257601 0.6940298507462686 0.011156601252994287 0.40671641791044766
0 0.026218012944536576 0.8348880597014926 0.0078096208770960015 0.12126865671641796
0 0.4133520764234383 0.707089552238806 0.018966222130090315 0.36940298507462677
