0 0.04027623578258495 0.39272388059701535 0.0435368804973463 0.7854477611940305
0 0.08707376099469265 0.43843283582089554 0.024878217427055052 0.5223880597014926
0 0.1411838838985374 0.3796641791044776 0.053488167468168354 0.7294776119402985
0 0.19031836331697108 0.48227611940298515 0.029853860912466067 0.4160447761194031
0 0.25113258449494014 0.3740671641791043 0.042292969625993486 0.7481343283582086
0 0.26122128298407793 0.4776119402985074 0.014926930456233016 0.5373134328358209
0 0.31035576240251167 0.4319029850746269 0.031097771783818756 0.5839552238805971
0 0.28174581236139834 0.4356343283582089 0.016170841327585776 0.5130597014925373
0 0.3433194004933596 0.3861940298507463 0.019902573941644023 0.6082089552238807
0 0.3750391277128548 0.34888059701492535 0.016170841327585776 0.6865671641791045
0 0.3992953897042335 0.3861940298507463 0.0174147521989385 0.6007462686567164
0 0.4148442755961429 0.35167910447761186 0.018658663070291296 0.6847014925373134
0 0.44102401150166387 0.42448240906546436 0.014926930456233046 0.5186567164179107
0 0.4664665767572821 0.27705223880597013 0.022390395684349543 0.5466417910447761
0 0.49010088331298435 0.3526119402985075 0.0174147521989385 0.6791044776119404
0 0.5585159812373857 0.41138059701492546 0.06965900879575415 0.8227611940298509
0 0.6076504606558194 0.4514925373134329 0.018658663070291296 0.43656716417910457
0 0.6455897422320784 0.3638059701492537 0.027366039169760582 0.5970149253731344
0 0.6748216477088681 0.4598880597014925 0.008707376099469144 0.38992537313432835
0 0.6996998651359232 0.4328358208955224 0.02860995004111331 0.47388059701492535
0 0.7320415477910948 0.6259328358208955 0.0310977717838189 0.3638059701492537
0 0.7281485576407267 0.40415364870264964 0.02985386091246622 0.6794029498949786
0 0.8203592196571401 0.3498134328358209 0.018658663070291227 0.6660447761194029
0 0.8582985012333989 0.45708955223880593 0.01741475219893843 0.41791044776119407
0 0.8680594513129108 0.3469807185176295 0.019902573941644106 0.6325276448827156
0 0.9142744904442728 0.3311567164179104 0.03234168265517155 0.6473880597014925
0 0.9484820394064735 0.38246268656716415 0.013683019584880328 0.5746268656716418
0 0.9795798111902922 0.39365671641791045 0.0310977717838189 0.5746268656716418
