0 0.05845771144278607 0.5111940298507459 0.049751243781094565 0.9738805970149247
0 0.10883084577114427 0.7154850746268656 0.02363184079601991 0.5578358208955224
0 0.18853165094744448 0.6349963706825831 0.013681592039800947 0.7294776119402994
0 0.2506218905472637 0.5121268656716418 0.07587064676616916 0.9720149253731343
0 0.3103233830845771 0.5531716417910447 0.041044776119402965 0.8936567164179103
0 0.38370646766169153 0.5000000000000001 0.06343283582089555 1.0
0 0.43221393034825867 0.542910447761194 0.0286069651741294 0.9141791044776119
0 0.4956467661691542 0.5158582089552239 0.03606965174129357 0.9458955223880596
0 0.5422885572139304 0.5093283582089552 0.042288557213930315 0.9664179104477612
0 0.6305970149253731 0.5046641791044777 0.04228855721393039 0.9906716417910446
0 0.7518656716417911 0.5018656716417911 0.0708955223880598 0.996268656716418
0 0.8756460007699655 0.5096809066094068 0.027392319911304145 0.9347715488766343
0 0.8519900497512438 0.8031716417910448 0.027363184079601838 0.3899253731343283
0 0.9502487562189055 0.8330223880597015 0.02985074626865682 0.3264925373134328
0 0.9757462686567167 0.5046641791044775 0.033582089552238584 0.9906716417910446
0 0.9546019900497512 0.5009328358208955 0.008706467661691591 0.009328358208955265
