0 0.6139240506329113 0.7634493670886077 0.04641350210970465 0.4731012658227847
0 0.46518987341772167 0.735759493670886 0.04852320675105495 0.5284810126582281
0 0.38924050632911394 0.7610759493670887 0.048523206751054884 0.4778481012658228
0 0.3329982355669506 0.7482102473038448 0.029535864978902895 0.4936708860759497
0 0.7175405348524834 0.6949388653885872 0.033755274261603255 0.6186708860759492
0 0.8468519646303097 0.7485785871941265 0.03197303857904602 0.4810126582278499
0 0.2675832729888438 0.7890632011851807 0.03589974928023068 0.40189873417721517
0 0.18407798099069111 0.889680467760268 0.02320675105485228 0.20411392405063297
0 0.14181440655082025 0.8296737442258852 0.014767932489451456 0.32594936708860767
0 0.10210995155742351 0.8494239958726834 0.01210293732115733 0.3037974683544323
0 0.03843734829813111 0.8782100377215529 0.014767932489451479 0.16139240506329117
0 0.15400978599895476 0.904861875874663 0.014767932489451449 0.15664556962025347
