0 0.3772455089820359 0.5089820359281437 0.04657351962741181 0.9820359281437127
0 0.5515635395874916 0.48403193612774453 0.0572188955422488 0.9600798403193613
0 0.15768463073852296 0.3982035928143713 0.057218895542248856 0.784431137724551
0 0.6846307385229541 0.4960079840319361 0.0944777112441784 0.8562874251497006
0 0.8642714570858284 0.5009980039920159 0.06254158349966729 0.9301397205588822
0 0.9500998003992016 0.4780439121756487 0.05588822355289409 0.7564870259481037
0 0.03659347970725216 0.43113772455089827 0.046573519627411845 0.7624750499001998
0 0.07518296739853626 0.48702594810379246 0.02528276779773787 0.6267465069860281
0 0.21756487025948104 0.4371257485029941 0.05189620758483031 0.7504990019960082
0 0.33333333333333326 0.3612774451097804 0.01996007984031941 0.6946107784431138
0 0.4550898203592814 0.5009980039920161 0.05322687957418502 0.9660678642714572
0 0.2954091816367266 0.6526946107784432 0.0372588157019295 0.29141716566866277
0 0.6154357950765137 0.5508982035928144 0.027944111776447046 0.37924151696606784
0 0.7764471057884232 0.44311377245508987 0.06254158349966729 0.654690618762475
