0 0.5957548889932752 0.42642405063291144 0.02005198032041143 0.8306962025316456
0 0.3573173806006217 0.5023344052702242 0.05535466037910986 0.9329195003599218
0 0.258607435893258 0.5145992442380742 0.04327006279667696 0.7515822784810158
0 0.9300724954863645 0.2705639186196781 0.04451506847811928 0.5249828753397264
0 0.8433275724392777 0.6821008975142631 0.033158185727136955 0.3058430504245488
0 0.914329339702821 0.5189125561216592 0.03676233634965186 0.5997982084297689
0 0.8999127372127614 0.6766973100509318 0.016579092863568547 0.26045291573256635
0 0.8754045129796602 0.7031748886212549 0.016579092863568404 0.19885201865059002
0 0.8083673114008831 0.6880448437239275 0.01946241336158039 0.23991928337190763
0 0.7784528612340097 0.6875044849775943 0.02883320498011912 0.22370852098191377
0 0.6706887576208145 0.6529215252122742 0.020904073610586237 0.2928744405125538
0 0.6883951621723219 0.6751429650790962 0.024508224233101214 0.2896322880345547
0 0.3455943714699717 0.6864237674849281 0.005045810871520828 0.27774439561522635
0 0.13222865461709027 0.6918273549482592 0.007929131369532758 0.18047982127526374
0 0.15889936922370043 0.6956098661725911 0.018020753112574468 0.27234080815189515
0 0.09979129901445628 0.6912869962019262 0.002162490373508934 0.10158744431062758
0 0.4356981370328438 0.6956098661725911 0.007929131369532669 0.15130044897327508
0 0.3621734643335401 0.6885852024702604 0.009370791618538732 0.189125561216594
0 0.4699375679467353 0.6988520186505899 0.024508224233101217 0.12536322914928497
0 0.530126883342734 0.6680515701096017 0.013695772365556635 0.2085784760845862
0 0.6519471743837372 0.6685919288559349 0.012254112116550715 0.18588340873859494
