0 0.5903876582278481 0.5007911392405062 0.15625000000000006 0.9984177215189871
0 0.33030063291139233 0.5007911392405062 0.07911392405063288 0.9984177215189871
0 0.7070806962025314 0.5015822784810124 0.053401898734177694 0.9968354430379743
0 0.7430202661685829 0.5126690625223336 0.054578026014157933 0.9733061632790779
0 0.812895569620253 0.5933544303797469 0.0276898734177216 0.7246835443037974
0 0.9657832278481012 0.5055379746835443 0.06843354430379761 0.9889240506329113
0 0.09682437893595199 0.5064934766541164 0.06764750694799317 0.98857945861943
0 0.18690664556962028 0.4723101265822784 0.03362341772151901 0.9098101265822784
0 0.2610759493670886 0.5166139240506328 0.03560126582278475 0.9414556962025312
0 0.2373417721518984 0.575158227848101 0.03164556962025299 0.849683544303797
0 0.46874999999999983 0.4976265822784805 0.08306962025316465 0.9889240506329103
0 0.9107990506329113 0.5031645569620252 0.04944620253164558 0.9873417721518986
0 0.020826857240498566 0.529388578445704 0.04159769083226531 0.9386053236448724
0 0.06846287290296224 0.5837587072938609 0.027741912309960752 0.6930314797712026
