0 0.11508233532934131 0.48203592814371254 0.12013473053892217 0.8882235528942115
0 0.9223428143712575 0.40219560878243515 0.039296407185628796 0.8003992015968063
0 0.6983532934131736 0.40718562874251496 0.040419161676646664 0.6746506986027945
0 0.749438622754491 0.5968063872255489 0.028068862275449077 0.31137724550898205
0 0.8347679640718563 0.6616766467065868 0.023577844311377306 0.157684630738523
0 0.2543038922155689 0.3283433133732535 0.037050898203592836 0.5608782435129741
0 0.31830089820359286 0.34431137724550903 0.043787425149700604 0.592814371257485
0 0.3688248502994012 0.3512974051896208 0.034805389221556876 0.594810379241517
0 0.4956961077844311 0.3612774451097805 0.055014970059880215 0.654690618762475
0 0.6169535928143713 0.37325349301397204 0.08196107784431128 0.6786427145708582
