0 0.07660914179104478 0.7276119402985074 0.02308768656716416 0.0708955223880598
0 0.15636660447761191 0.75 0.010494402985074612 0.03358208955223887
0 0.22825326492537315 0.7444029850746269 0.013642723880596997 0.041044776119402965
0 0.25973647388059695 0.7453358208955224 0.011543843283582085 0.03917910447761201
0 0.29751632462686567 0.746268656716418 0.009444962686567138 0.03358208955223887
0 0.33057369402985076 0.744402985074627 0.01049440298507463 0.02985074626865682
0 0.3631063432835821 0.7425373134328359 0.008395522388059646 0.03731343283582106
0 0.39668843283582084 0.744402985074627 0.008395522388059788 0.03358208955223887
0 0.42869636194029853 0.7416044776119404 0.009444962686567209 0.027985074626865582
0 0.4601795708955224 0.7453358208955225 0.009444962686567209 0.03544776119402982
0 0.18942397388059704 0.7024253731343283 0.009444962686567172 0.031716417910447776
0 0.4895638992537313 0.7453358208955225 0.003148320895522474 0.016791044776119434
0 0.511602145522388 0.7406716417910448 0.007346082089552226 0.03358208955223887
0 0.5315415111940298 0.7406716417910448 0.009444962686567138 0.029850746268656678
0 0.5583022388059702 0.744402985074627 0.008395522388059717 0.02985074626865682
0 0.5861124067164178 0.7425373134328359 0.007346082089552226 0.01865671641791053
0 0.7104710820895522 0.7406716417910448 0.008395522388059646 0.03731343283582106
0 0.7681902985074626 0.7425373134328359 0.008395522388059504 0.029850746268656678
0 0.7996735074626866 0.7397388059701493 0.012593283582089469 0.03544776119402997
0 0.8175139925373134 0.7341417910447761 0.008395522388059788 0.024253731343283676
0 0.960762593283582 0.7192164179104478 0.005247201492537386 0.024253731343283676
0 0.7409048507462686 0.736007462686567 0.004197761194029823 0.024253731343283534
0 0.7204407649253731 0.7350746268656717 0.009444962686567067 0.03358208955223887
0 0.9193097014925372 0.7089552238805971 0.006296641791044806 0.026119402985074487
0 0.988048041044776 0.7136194029850746 0.005247201492537244 0.03917910447761187
0 0.9733558768656715 0.7173507462686567 0.005247201492537244 0.03171641791044763
0 0.6112989738805971 0.7369402985074626 0.003148320895522403 0.014925373134328339
