0 0.22181421129865705 0.6976047904191617 0.05395480815372739 0.38522954091816364
0 0.0914234249271492 0.7694610778443115 0.03896736144435866 0.2534930139720559
0 0.3979167101337395 0.7554890219560879 0.05545355282466431 0.34131736526946105
0 0.5065756987766626 0.7435129740518961 0.02997489341873738 0.32135728542914166
0 0.5605305069303901 0.7574850299401199 0.029974893418737523 0.32934131736526956
0 0.9337179299936713 0.6506986027944112 0.044962340128106175 0.6506986027944112
0 0.6676907509023764 0.7375249500998003 0.031473638089674266 0.3732534930139721
0 0.7358836334300043 0.7514970059880239 0.02697740407686368 0.4011976047904191
0 0.7883396969127946 0.723552894211577 0.023979914734989904 0.3932135728542913
0 0.2705234131041054 0.8133732534930139 0.025478659405926862 0.1696606786427145
0 0.12964141403603943 0.8123752495009979 0.0314736380896743 0.19560878243512975
0 0.1671100308094612 0.7864271457085829 0.034471127431548024 0.219560878243513
0 0.0457117124635746 0.8063872255489022 0.028476148747800568 0.15568862275449105
0 0.014987446709368722 0.8253493013972055 0.017984936051242465 0.1816367265469063
0 0.29899956185190596 0.7744510978043913 0.028476148747800564 0.22754491017964085
0 0.3312225722770487 0.7964071856287425 0.020982425393116275 0.23552894211576855
0 0.4548690076293407 0.7754491017964071 0.037468616773421747 0.22155688622754482
0 0.6107384534067754 0.8153692614770459 0.025478659405926862 0.2095808383233532
0 0.630971506464423 0.7614770459081837 0.020982425393116202 0.3333333333333334
0 0.7006631336629877 0.781437125748503 0.02547865940592672 0.28942115768463084
0 0.5852597940008485 0.7944111776447105 0.010491212696558137 0.23153692614770463
0 0.8168158456605953 0.7734530938123753 0.020982425393116275 0.3772455089820358
0 0.855783207104954 0.7355289421157685 0.03297238276061123 0.3532934131736527
0 0.9884221104828671 0.7255489021956089 0.022481170064053087 0.34131736526946116
0 0.8887555898655651 0.7904191616766468 0.020982425393116275 0.2115768463073853
0 0.7613622928359308 0.7974051896207586 0.0179849360512425 0.18962075848303386
