0 0.14448406117776882 0.7142504694056315 0.020827114427860668 0.5522388059701498
0 0.18399843903930863 0.8221934057375913 0.0196019900497512 0.34328358208955273
0 0.2223460522797317 0.5686351000514499 0.02940298507462683 0.3451492537313443
0 0.26895355032282764 0.6935817631838312 0.021427477774061864 0.5932567813813614
0 0.2891293532338308 0.6697761194029852 0.02940298507462689 0.6492537313432836
0 0.35528606965174137 0.7733208955223881 0.034303482587064664 0.4309701492537313
0 0.4269558457711443 0.7416044776119403 0.028177860696517384 0.4981343283582088
0 0.44513054013721814 0.6334254074312825 0.03327435825846254 0.7232071203101172
0 0.4990232051868475 0.6998148284103197 0.02695273631840782 0.5932835820895523
0 0.5421175373134328 0.7714552238805971 0.015926616915422825 0.2966417910447763
0 0.5630791401212374 0.7389341821513351 0.01954158898684932 0.48694029850746395
0 0.5865816814210233 0.7267869942323084 0.025101303944095817 0.5383689603947891
0 0.6417874193206362 0.6930806743116992 0.03684854927063714 0.6073004232975856
0 0.6841646872404652 0.636704095736107 0.03265514889951232 0.7056531097970982
0 0.7644855321920011 0.716837361214651 0.03117381241888385 0.5652985074626903
0 0.8327524615519551 0.6382033975480875 0.0618975777893051 0.7649253731343308
0 0.9066552999461527 0.6296576323941445 0.024502487562188834 0.4500797757304824
0 0.10062287745511087 0.8424947772424011 0.02327736318407954 0.30037313432836005
0 0.081171147015183 0.6901715869523657 0.01102611940298499 0.27298824496905816
0 0.16784203980099502 0.3283582089552239 0.019601990049751255 0.02611940298507463
0 0.1748219555692738 0.2922804831586662 0.017615756483679232 0.34328358208955423
0 0.08577171044214822 0.09514925373134375 0.030628109452736287 0.19029850746268745
0 0.07776881296870068 0.8034095713237676 0.013800997783764292 0.3078358208955239
