0 0.07695895522388058 0.480410447761194 0.1091417910447761 0.960820895522388
0 0.16511194029850743 0.4337686567164179 0.07276119402985078 0.8488805970149254
0 0.32602611940298504 0.4328358208955224 0.06436567164179106 0.38432835820895517
0 0.3931902985074626 0.4263059701492537 0.025186567164179153 0.4123134328358209
0 0.45055970149253727 0.4216417910447761 0.027985074626865655 0.40298507462686567
0 0.6114738805970148 0.35261194029850756 0.058768656716418025 0.6977611940298509
0 0.6772388059701491 0.3582089552238805 0.061567164179104454 0.6977611940298506
0 0.7290111940298507 0.3880597014925374 0.04197761194029852 0.7276119402985075
0 0.8311567164179103 0.35447761194029853 0.07835820895522375 0.7089552238805971
0 0.919776119402985 0.49999999999999994 0.1156716417910448 1.0
