0 0.681301938481475 0.4702339863420862 0.06765086142096875 0.9309497487802276
0 0.35779438722775536 0.49756624889774087 0.18040229712258296 0.9946425013288871
0 0.6229516822514206 0.3868670886075949 0.03946300249556515 0.7674050632911391
0 0.3071717775823551 0.46738507326092005 0.09329858091421653 0.7167070204361624
0 0.758073139214035 0.40315315695676424 0.05059589926865979 0.7931520105546552
0 0.8358233618965594 0.4731996590257031 0.04031987709955952 0.6407672185165777
0 0.4876499594094831 0.6115506329113924 0.03946300249556501 0.29588607594936717
0 0.5410306873400326 0.6569526084521877 0.0281878589254036 0.22310126582278544
0 0.4340930274512162 0.5656645569620253 0.03946300249556508 0.4034810126582279
0 0.8686512724585138 0.25124930083203945 0.07046155507205414 0.49381738232221667
0 0.7004682942962808 0.6305379746835443 0.02536907303286327 0.26424050632911394
