0 0.07115994491852531 0.43812375249500995 0.049213419850195075 0.7924151696606786
0 0.3717608337332303 0.4720558882235529 0.04123286527989327 0.8522954091816366
0 0.5127506311418973 0.4670658682634731 0.04655323499342785 0.8982035928143713
0 0.895075606602093 0.6360422756673321 0.027931940996056538 0.5908183632734538
0 0.9337248847253228 0.6217564870259481 0.021281478854138242 0.5169660678642715
0 0.13167915040998143 0.5828343313373253 0.0239416637109057 0.5508982035928143
0 0.5805853449894636 0.593812375249501 0.019951386425754832 0.5608782435129741
0 0.7022888021865676 0.6297405189620758 0.021281478854138385 0.41317365269461076
0 0.21680506582653508 0.6287425149700598 0.026601848567673017 0.42714570858283446
0 0.17224696947568277 0.6077844311377245 0.027931940996056673 0.46107784431137716
0 0.41897911494085 0.5449101796407185 0.03458240313797489 0.6387225548902196
0 0.75416657015565 0.7557672084658751 0.03325231070959257 0.2455089820359291
0 0.2587029773206201 0.6287425149700598 0.043893050136660464 0.43912175648702595
0 0.6723617225479355 0.6327345309381238 0.025271756139289323 0.34730538922155696
0 0.7335459742535833 0.7644710578842314 0.017291201568987537 0.15568862275449105
0 0.621818210269357 0.48502994011975936 0.022611571282520834 0.8103792415169646
0 0.2992707963863215 0.813373253493014 0.013300924283836512 0.16566866267465075
0 0.21414488096976775 0.9560878243512974 0.013300924283836472 0.00798403193612785
