0 0.6553230183373405 0.5021817446232886 0.08026294820247264 0.9892303058313778
0 0.1530650190648499 0.5519374602613327 0.052261130342819824 0.8797574725027602
0 0.2922800810470812 0.5873610131229691 0.056888525928950544 0.824367088607596
0 0.4367392275094608 0.6453830602114832 0.03555532870559418 0.6867088607594942
0 0.531688346128687 0.6789530389317585 0.02133319722335654 0.6265822784810123
0 0.7587656273313622 0.6535110842238688 0.02592265293358741 0.6598101265822771
0 0.8124273720962701 0.626612873836807 0.035021054598192734 0.7626582278481027
0 0.5801048185739184 0.7121026605393326 0.040296039199673075 0.5553797468354441
0 0.41048295980203137 0.5620194126365716 0.030814618211514887 0.8544303797468394
0 0.8212987073539285 0.7213098962494358 0.02844426296447531 0.5617088607594942
0 0.46631809504007116 0.7467129552931033 0.023703552470396013 0.5000000000000006
0 0.5196333660288238 0.7831009018902574 0.023703552470395958 0.3955696202531649
0 0.2927388730093916 0.6898734177215189 0.06399959167006937 0.60126582278481
0 0.09441153864954954 0.7376672098981248 0.014222131482237627 0.40981012658227967
0 0.04454788851741654 0.6844880995932248 0.014222131482237657 0.2294303797468363
0 0.8869556985900557 0.20263330121514347 0.023703552470396624 0.18883995747566562
0 0.9244090601249512 0.7731735209919026 0.035555328705594136 0.20253164556962092
