0 0.293412593215451 0.5132559003173123 0.10619756164993371 0.9357345507212913
0 0.4444444444444444 0.6027944111776445 0.047904191616766456 0.6986027944111775
0 0.8928809048569525 0.6407185628742502 0.06121091151031255 0.7185628742514959
0 0.9008649367930807 0.23752495009980037 0.050565535595475664 0.011976047904191595
0 0.874251497005988 0.6337325349301396 0.029274783765801685 0.0019960079840318913
0 0.5335994677312043 0.6666666666666665 0.04524284763805731 0.6027944111776447
0 0.6161011310711911 0.6806387225548898 0.055888223552894356 0.5588822355289419
0 0.72255489021956 0.6876247504990016 0.06653359946773126 0.5209580838323349
0 0.3313373253493015 0.6916167664670658 0.06121091151031273 0.500998003992016
0 0.5136393878908849 0.20159680638722555 0.047904191616766456 0.07584830339321354
0 0.11399300795749046 0.37790934227675566 0.11488159727654723 0.5449101796407174
0 0.8236859614105062 0.43612774451097763 0.045242847638056645 0.6606786427145702
0 0.7265469061876247 0.21157684630738519 0.026613439787092547 0.011976047904191631
0 0.02794411177644711 0.810379241516966 0.03992015968063873 0.28742514970059885
0 0.12242182302062542 0.10379241516966067 0.010645375914836972 0.015968063872255484
