0 0.5332477079216454 0.4680506542867933 0.02130763399113246 0.6265822784810129
0 0.6121867745897385 0.5017931819023089 0.03835374118403838 0.5442658935637074
0 0.31588567391853706 0.45569620253164556 0.1480880562383698 0.759493670886076
0 0.12571504054768087 0.504746835443038 0.012784580394679406 0.5727848101265823
0 0.08203439086585956 0.5783227848101266 0.008523053596452944 0.41930379746835444
0 0.14153246392460514 0.28503467386265124 0.02237301569068888 0.5683904514374959
0 0.2137289975759145 0.5730092888032631 0.019176870592019085 0.38291139240506394
0 0.4133680994279675 0.5949367088607592 0.05326908497783112 0.4145569620253162
0 0.44852569551333593 0.4912974683544304 0.01704610719290585 0.5205696202531646
0 0.14382652944014335 0.567246835443038 0.027699924188472044 0.2895569620253165
0 0.7090115210549288 0.43196202531645567 0.10121126145787869 0.791139240506329
0 0.7905132210710102 0.49920886075949367 0.0894920627627559 0.7009493670886076
0 0.8869302648808841 0.5537974683544304 0.013849962094236048 0.5189873417721519
0 0.8392235287972738 0.5456696487058323 0.01171919869512266 0.47784810126582405
0 0.950643183922642 0.45281053696491286 0.022362343374391035 0.7559043801896586
0 0.5667830641641205 0.5237341772151898 0.027699924188472096 0.48417721518987333
0 0.987944818396931 0.5110759493670887 0.024110363206138387 0.579113924050633
0 0.02332493973379202 0.43496709247619164 0.014915343793792639 0.6993670886075953
