0 0.49229736172918614 0.5438495939650473 0.10390447614607372 0.8183632734530942
0 0.6306193582983287 0.7345309381237525 0.066064885155063 0.4231536926147704
0 0.16854362657850722 0.43581446714494526 0.19266147118866023 0.6083425185426965
0 0.07957815711859864 0.40918163672654684 0.03903834122799179 0.003992015968063854
0 0.061560461167217806 0.8403193612774451 0.06906783448029316 0.2035928143712576
0 0.8528376083653589 0.5299401197604791 0.07207078380552318 0.8483033932135728
0 0.5300205559031193 0.6317365269461078 0.05705603717937258 0.6047904191616766
0 0.2282241487174904 0.6337325349301397 0.06005898650460271 0.5289421157684631
0 0.7432299579944589 0.6986027944111777 0.03903834122799168 0.41916167664670667
0 0.9158995441951919 0.6856287425149701 0.024023594601841156 0.48103792415169666
