0 0.016793143656716424 0.4057835820895523 0.02363479477611941 0.7779850746268657
0 0.08435124472276355 0.3535447761194029 0.029854477611940284 0.7070895522388058
0 0.14802845149253735 0.19962686567164176 0.017415111940298527 0.3507462686567164
0 0.17415111940298508 0.35541044776119407 0.02736660447761192 0.7033582089552239
0 0.31098414179104483 0.34141791044776115 0.037318097014925444 0.6791044776119403
0 0.368205223880597 0.41417910447761197 0.08209981343283579 0.8059701492537313
0 0.4403535447761195 0.37126865671641796 0.06468470149253733 0.7089552238805971
0 0.5069041511194031 0.3442164179104477 0.04602565298507464 0.6324626865671641
0 0.5703449160447762 0.32182835820895517 0.0286105410447761 0.6324626865671642
0 0.6312978078358209 0.34981343283582084 0.04353777985074622 0.6958955223880596
0 0.6984703824626866 0.3246268656716418 0.03358628731343274 0.6119402985074627
0 0.7799482276119406 0.3572761194029851 0.044781716417910504 0.6847014925373135
0 0.8228640391791044 0.4263059701492537 0.028610541044776165 0.39365671641791045
0 0.8520965485074626 0.43003731343283574 0.017415111940298544 0.3600746268656716
0 0.7351665111940298 0.31902985074626866 0.01492723880597012 0.6305970149253731
0 0.20835937500000004 0.23787313432835824 0.013683302238805978 0.40485074626865675
0 0.8912805503731345 0.3880597014925373 0.018659048507462615 0.2873134328358209
