0 0.08702531645569618 0.40664556962025317 0.05168776371308014 0.8132911392405063
0 0.14650874807964562 0.3771510506658406 0.014767932489451486 0.43037974683544333
0 0.17985232067510537 0.38053797468354417 0.0179324894514768 0.4034810126582278
0 0.26503920672517434 0.42553809087670563 0.047516852454456776 0.8386075949367112
0 0.36708860759493644 0.39398734177215217 0.11392405063291194 0.7879746835443043
0 0.5221518987341772 0.45094936708860767 0.07805907172995788 0.9018987341772153
0 0.6644602490214357 0.476733083080318 0.06962025316455697 0.9371567044960123
0 0.7612059056220876 0.4551361823538653 0.057596973150089645 0.9039530669649025
0 0.8002971673186754 0.3631329113924056 0.03375527426160359 0.7262658227848112
0 0.8322197943373252 0.37747848294896996 0.03375706240395081 0.6867088607594936
0 0.9330168776371309 0.3560126582278481 0.02637130801687775 0.7120253164556962
0 0.8607594936708861 0.48655063291139244 0.018987341772151892 0.3496835443037975
0 0.9080850449797206 0.34888635644167754 0.014771605678027684 0.5996835443037973
0 0.014767932489451479 0.4715189873417722 0.025316455696202535 0.3544303797468355
0 0.12658227848101267 0.45332278481012656 0.016877637130801676 0.2674050632911393
0 0.04113924050632912 0.44462025316455694 0.018987341772151903 0.25000000000000006
0 0.44356540084388185 0.43591772151898733 0.007383966244725712 0.23259493670886072
0 0.4746835443037975 0.4232594936708861 0.008438818565400795 0.20727848101265828
0 0.43037974683544306 0.4295886075949367 0.004219409282700397 0.21044303797468353
0 0.6153101728809645 0.3890557017488065 0.028481012658227757 0.4145569620253166
0 0.1692207270389809 0.39791264493499023 0.03691983122362869 0.7726003289440083
0 0.773852294641002 0.4112209238470214 0.02004219409282694 0.4715189873417729
0 0.9134456578814698 0.5628693587887246 0.01655716359903399 0.18698189611195018
0 0.8481399879612062 0.5480152089954173 0.009493670886076132 0.20727848101265856
0 0.8792194092827005 0.5181962025316456 0.01160337552742618 0.27056962025316467
