0 0.5897943037974683 0.4564873417721519 0.06882911392405049 0.884493670886076
0 0.11629746835443039 0.5039556962025317 0.1471518987341772 0.9351265822784812
0 0.24090189873417722 0.4620253164556963 0.09731012658227846 0.9240506329113926
0 0.9829905063291139 0.4620253164556962 0.03401898734177209 0.7753164556962026
0 0.7167721518987342 0.45094936708860767 0.09493670886075961 0.9018987341772153
0 0.3393987341772152 0.4311708860759494 0.037974683544303785 0.8623417721518988
0 0.4497626582278481 0.44857594936708867 0.04984177215189867 0.8053797468354431
0 0.678232535073693 0.5268528212845643 0.04509493670886066 0.734177215189876
0 0.4034810126582279 0.4438291139240506 0.02373417721518983 0.7927215189873418
0 0.8710443037974684 0.4359177215189874 0.03797468354430393 0.8180379746835443
0 0.698862568761107 0.5202139752488314 0.04765354551794501 0.674050632911392
0 0.8212025316455697 0.45094936708860756 0.018987341772151892 0.42721518987341767
0 0.0189873417721519 0.43196202531645567 0.028481012658227844 0.8481012658227847
0 0.5019778481012658 0.42721518987341767 0.04034810126582279 0.8227848101265822
0 0.5363924050632911 0.5205696202531646 0.018987341772151892 0.5537974683544304
0 0.644382911392405 0.5213607594936708 0.02610759493670898 0.6344936708860759
0 0.890725533543812 0.5870939265757658 0.020819307485684942 0.39556962025316555
0 0.949367088607595 0.5158227848101267 0.018987341772151892 0.42721518987341783
0 0.3322784810126583 0.439873417721519 0.0901898734177215 0.829113924050633
