0 0.6567630607795248 0.675632911392405 0.04399369785126012 0.1392405063291139
0 0.056563325808762915 0.6139240506329113 0.11312665161752583 0.37341772151898733
0 0.29920751757849273 0.6216381030880198 0.047136104840635615 0.19936708860759458
0 0.3495227243443136 0.6377287748579655 0.03913998091972805 0.09824235984251552
0 0.6285794119499302 0.6694211452660768 0.02799411474435148 0.07594936708860776
0 0.5420652056673113 0.6613924050632911 0.02199684892563006 0.041139240506329174
0 0.39094952804110344 0.6424804542688709 0.020935597543528247 0.055916225202334996
0 0.5215694518452904 0.6546261917103618 0.02184584091498593 0.04812462005119016
0 0.4969928808159311 0.6525637079938822 0.023666327657901505 0.04399965261823098
0 0.13061992380418705 0.6385846516932985 0.008192190343119759 0.014208221157970513
0 0.2129969489211134 0.6463762568444434 0.010922920457493 0.007791605151145119
0 0.24349010186494802 0.6447721028427373 0.011833163828950752 0.015583210302290238
0 0.4787880133867762 0.6491262351330829 0.014563893943324047 0.024291474882981775
0 0.4082441520988006 0.6422512894114842 0.011833163828950716 0.04079134461481829
0 0.43464120987107535 0.6381263219785251 0.010012677086035282 0.02795811260116764
