0 0.8239585861022038 0.509070468599406 0.03830134755989203 0.5965189873417722
0 0.8243474686122884 0.6494592384360363 0.018987341772151903 0.3306962025316459
0 0.7337490184313866 0.5553525130826173 0.026107594936708958 0.5618378786394236
0 0.627593627271169 0.6483098844743336 0.03322784810126583 0.3544303797468354
0 0.30505078631870214 0.5991548496618366 0.04034810126582275 0.42113745316732093
0 0.3643196202531646 0.6542721518987342 0.035601265822784785 0.33386075949367094
0 0.32615956823612285 0.7133949279644277 0.0213607594936709 0.20886075949367078
0 0.4319620253164558 0.6867088607594937 0.018987341772151892 0.24050632911392408
0 0.5193949553807855 0.6621398835660122 0.01186708860759502 0.31803797468354444
0 0.23875309076999152 0.41512460939650003 0.03921208582190532 0.8033401903069194
0 0.18932888495147615 0.4073243492159389 0.05478275462180208 0.7034143643498281
0 0.5577531645569621 0.7191455696202531 0.018987341772151892 0.13765822784810133
0 0.5826740506329113 0.7460443037974684 0.007120253164557013 0.11867088607594937
0 0.7273395078487472 0.668600625798698 0.028481012658227764 0.21518987341772175
0 0.8869470562644426 0.4688412299465135 0.023734177215189875 0.17721518987341817
0 0.9232302649165601 0.43449148434029944 0.021360759493670823 0.11708860759493714
