0 0.7078818789096498 0.5070020054327085 0.05858625815113141 0.9197776944011532
0 0.21941927416659068 0.5166591455152063 0.05349180092059815 0.9219125707674752
0 0.9201099750686388 0.7049897665828136 0.0305927471478654 0.2100232550629583
0 0.6202501678174146 0.643843498273878 0.028019514767932564 0.2704257767548907
0 0.22192488865991536 0.5840245999023592 0.035661200613732215 0.5235903337169175
0 0.8519854056264542 0.6965266416754838 0.030566743383198355 0.23015661570645876
0 0.3515175489067895 0.7337456846950516 0.02037782892213272 0.11651323360184122
0 0.42877606790315403 0.6712530479854215 0.011482623359578874 0.23235426092324393
0 0.4516498521434369 0.6761569513045987 0.007655082239719277 0.2161434985332501
0 0.2945571572292106 0.7058072488166844 0.01148262335957886 0.1372511215686136
0 0.422222036649309 0.6021619232837119 0.013396393919508724 0.3123273553805458
0 0.4774857547024897 0.6761569513045987 0.009568852799649079 0.1577847539292727
0 0.26333500160112266 0.621863540596217 0.009568852799649075 0.27990583060055824
0 0.21741926935689482 0.634663277955891 0.011482623359578859 0.23019282593791052
0 0.08344545402244023 0.6324341007553155 0.013396393919508708 0.22586995596724616
0 0.4994941161416826 0.668591928855935 0.007655082239719348 0.14913901398794266
0 0.5253300187007351 0.7047959648602543 0.0057413116797895465 0.07673094197930382
0 0.7849296053949844 0.6903880284310762 0.007655082239719194 0.19452914867992496
0 0.9459745279414699 0.6989677464196857 0.011535199871775531 0.15886547142193835
0 0.5830572034305599 0.7215336704638234 0.00914991730039536 0.03247836191333575
0 0.554877127716828 0.7122845524367333 0.003921393128740931 0.03395465109121474
0 0.7063293419489689 0.7327724068000009 0.007842786257481716 0.036169084858033086
0 0.33028905453257223 0.7088882207858695 0.00914991730039526 0.06864744677136891
0 0.27580465005477195 0.7141299139090819 0.007842786257481648 0.061266000881974494
0 0.0426960604443775 0.6933226933529394 0.007842786257481648 0.11810313423031187
0 0.2575600755100595 0.7155447767841377 0.006535655214568048 0.055360844170458945
0 0.38453869228049764 0.5594188548953892 0.015685572514963268 0.40750776054302273
