0 0.6658064192233849 0.4051675648688646 0.01299134476533439 0.15752005527967888
0 0.7146418953608652 0.3246236398655761 0.02055057038886546 0.3109803153201883
0 0.6470927046011787 0.24292707819538728 0.030313137785779837 0.4701242886955353
0 0.8698787932455114 0.24074585768260195 0.03789142223222512 0.47174820679120316
0 0.8411895735553984 0.2395279191108519 0.023817465403112976 0.4758080020303702
0 0.813582965929063 0.27768999435902153 0.022734853339335215 0.3946120972470306
0 0.7935546427491725 0.4092273601080317 0.006495672382667124 0.13316128384467704
0 0.24737634322780344 0.2735038816158804 0.04483104077427703 0.5470077632317609
0 0.46324970209054156 0.25901493625884614 0.06430715658841521 0.4572953357397559
0 0.49421240711459374 0.41733956914047626 0.026199211943424176 0.13575955279774377
0 0.28074444591414044 0.37604923774026944 0.020417657872274595 0.2140619307924397
0 0.23799570988835633 0.3714853562350221 0.0053683242831959535 0.0013420810707990682
0 0.34804635769387443 0.3550448631177344 0.01789441427732001 0.26640309255360184
0 0.03647532113920945 0.2773761291281749 0.029450585414455534 0.4113051768647126
0 0.07854470438077243 0.39509731552377914 0.020578576418917936 0.19527279580125387
0 0.904115281361594 0.2715003164604965 0.043841314979434005 0.4012822401689015
0 0.9109200124610033 0.3506373399375525 0.032209945699175783 0.34894107840774025
0 0.3113628084253684 0.3755115994474192 0.00894720713866004 0.2066804849030463
0 0.2943631148619143 0.3926231331001063 0.012526089994124 0.16306285010207866
0 0.24962707916861432 0.3758471197151189 0.014315531421855994 0.19795695794285284
0 0.39144031231637555 0.3738339981089204 0.008052486424794053 0.1925886336596567
0 0.20247209321680643 0.32224726690400884 0.007157765710927819 0.3361913082351464
0 0.15313898000595663 0.40643593778422 0.005368324283196006 0.1348791476152995
0 0.17238660946662482 0.39927180387960903 0.010736648566391931 0.14226059350469414
0 0.5198327347561468 0.4100701870204934 0.005368324283195989 0.11474793155331454
0 0.5712791758034418 0.37718920078591794 0.013420810707990043 0.21271984972164185
0 0.5851473468683648 0.37551159944741913 0.007157765710927961 0.21473297132784025
0 0.6319434995269974 0.3821575232747945 0.01073664856639192 0.2006411200844501
0 0.6373594538938684 0.3982932430402509 0.006263044997062063 0.1691022149206746
0 0.5266237856520032 0.390754147589187 0.008947207138659905 0.18789134991185988
0 0.6889349496768208 0.3832285656045134 0.008947207138660077 0.18722030937646073
0 0.7095135260957389 0.38759032908461016 0.014315531421855923 0.17044429599147326
0 0.9418999630765361 0.3208190848895255 0.021473297132782884 0.242916673814619
0 0.9828507041818022 0.2751910394051938 0.03131522498530998 0.14293163404009365
0 0.2080225659738452 0.3835640858722132 0.009841927852525991 0.18923343098265932
0 0.27288981772913035 0.36813015355802464 0.00894720713866004 0.21204880918624222
0 0.2603637277350063 0.3748405589120196 0.005368324283196025 0.17715470134546826
