0 0.1738426211569133 0.4952079685833716 0.08868847069124537 0.5843505731496073
0 0.2222282942661173 0.7102641236392091 0.05605472636815917 0.5298507462686566
0 0.2525332285213794 0.6041535068760275 0.11505970149253722 0.7807182821794779
0 0.5236691542288557 0.8208955223880596 0.03835323383084578 0.3022388059701491
0 0.5723482587064677 0.7761194029850746 0.03540298507462694 0.3768656716417911
0 0.5813059793170585 0.6515033606832877 0.04130348258706462 0.6324626865671653
0 0.6677028921323033 0.6427085237725901 0.06195522388059706 0.6380597014925378
0 0.7376091707863149 0.7785799881166708 0.03835323383084568 0.35074626865671715
0 0.7682621423868927 0.6343703143632234 0.050154228855721315 0.32835820895522394
0 0.8234153374209786 0.4165741784210157 0.11493850991833368 0.8197353234442198
0 0.9470298507462687 0.28078358208955223 0.035402985074626796 0.1996268656716418
