0 0.9248401505437092 0.7855293440736482 0.05494099904220049 0.14528193325661676
0 0.7874876529382078 0.6424050632911394 0.024418221796533572 0.38262370540851565
0 0.6562397107818398 0.7768987341772151 0.03662733269480036 0.13665132336018432
0 0.5940753470498672 0.7645158340850707 0.027470499521100398 0.11795166858458067
0 0.5280440463500387 0.7790563866513235 0.042731888143933715 0.0632911392405063
0 0.024146427434116716 0.7489692576572771 0.03358550853286406 0.13765822784810158
0 0.07287304981998681 0.7401943863548945 0.030217549473210294 0.15822784810126606
0 0.14307048155519816 0.7123959764980663 0.03693256046725702 0.17879746835443064
0 0.44990573660113115 0.7444620253164558 0.02686004397618689 0.06803797468354432
0 0.1463098922748154 0.7329166467832328 0.020361914214929923 0.1026020978625837
0 0.16211216317271138 0.7504187730311693 0.020361914214929902 0.05609898875939834
0 0.1871729806680097 0.7566930020371543 0.017229312028017692 0.04059795239166972
0 0.2036191421492993 0.7570620743316243 0.02192821530838607 0.0265732052018204
0 0.3978404777378617 0.7544785682703363 0.012530408747649205 0.03026392814651743
0 0.3798280151631159 0.752264134503518 0.02036191421493001 0.025835060612880767
0 0.3383210361865281 0.7511569176201089 0.012530408747649133 0.023620626846062434
0 0.30072980994358045 0.7493115561477603 0.00939780656073694 0.022882482257123086
0 0.2748858419015541 0.7511569176201088 0.00783150546728077 0.01476289177878897
