0 0.9018987341772151 0.47151898734177217 0.1281645569620254 0.8955696202531646
0 0.10205696202531646 0.4905063291139242 0.20411392405063292 0.9810126582278484
0 0.17425429167752324 0.7181378497782497 0.04272151898734174 0.3876582278481024
0 0.21878300067769016 0.5629852117201912 0.13263310084388108 0.5648734177215211
0 0.38745728112890887 0.7206021095266134 0.03960841822688274 0.1424050632911395
0 0.7820411392405063 0.4248417721518987 0.08781645569620254 0.8370253164556962
0 0.7381329113924059 0.5411392405063288 0.06645569620253292 0.5348101265822779
0 0.7183736530361293 0.6838792635193175 0.02848101265822792 0.19462025316455725
0 0.6259631904125863 0.6350544435853471 0.028481012658228028 0.2689873417721519
0 0.6279279712964728 0.7116543538947279 0.030854430379746917 0.08702531645569621
0 0.4578341812896924 0.6262227247086445 0.05203919352023119 0.29525783557577756
0 0.49190535815831665 0.6347038848072833 0.023268063673367468 0.25023101565047323
0 0.5309632123138388 0.6717872845551074 0.0181498567050204 0.16435703571768392
0 0.5483568249894831 0.69674333752451 0.022687320881275345 0.058987034291316
