0 0.015391791044776122 0.3423507462686567 0.013992537313432838 0.375
0 0.032882462686567165 0.3684701492537314 0.012593283582089549 0.38246268656716426
0 0.04407649253731344 0.37406716417910446 0.012593283582089549 0.32276119402985076
0 0.06156716417910449 0.353544776119403 0.01679104477611941 0.3526119402985074
0 0.08535447761194029 0.38526119402985076 0.013992537313432842 0.32276119402985076
0 0.10634328358208954 0.346082089552239 0.016791044776119396 0.45335820895522433
0 0.12173507462686568 0.375 0.008395522388059717 0.38059701492537323
0 0.14482276119402987 0.3069029850746269 0.03218283582089553 0.5988805970149254
0 0.18190298507462685 0.3190298507462686 0.022388059701492508 0.6231343283582089
0 0.20988805970149255 0.3078358208955224 0.016791044776119434 0.4552238805970149
0 0.22737873134328354 0.3479477611940298 0.015391791044776148 0.3302238805970149
0 0.24836753731343283 0.36100746268656714 0.018190298507462687 0.32276119402985076
0 0.2784514925373135 0.3712686567164179 0.008395522388059682 0.3059701492537313
0 0.3064365671641792 0.41884328358208955 0.03078358208955219 0.8302238805970148
0 0.3351212686567165 0.3591417910447761 0.015391791044776114 0.30037313432835827
0 0.3694029850746269 0.3087686567164179 0.019589552238806006 0.375
0 0.39458955223880593 0.3106343283582089 0.016791044776119365 0.3712686567164179
0 0.41697761194029853 0.3628731343283583 0.044776119402985017 0.7257462686567164
0 0.4554570895522388 0.3059701492537314 0.015391791044776114 0.32089552238805974
0 0.46944962686567165 0.32182835820895517 0.009794776119402968 0.3712686567164179
0 0.4855410447761194 0.3414179104477612 0.019589552238805936 0.2537313432835821
0 0.5065298507462687 0.34514925373134325 0.016791044776119434 0.23880597014925367
0 0.5268190298507462 0.3404850746268657 0.009794776119402968 0.23694029850746268
0 0.5387126865671642 0.28917910447761197 0.01119402985074622 0.3917910447761194
0 0.5562033582089553 0.28638059701492535 0.009794776119402968 0.5317164179104478
0 0.5827891791044776 0.28917910447761197 0.018190298507462687 0.32462686567164184
0 0.6023787313432831 0.29197761194029825 0.023787313432835796 0.4682835820895518
0 0.6387593283582089 0.40671641791044777 0.03498134328358219 0.8134328358208955
0 0.6765391791044777 0.3106343283582089 0.032182835820895546 0.587686567164179
0 0.715018656716418 0.2994402985074627 0.025186567164179222 0.28917910447761197
0 0.7583955223880597 0.2835820895522388 0.03358208955223887 0.5447761194029851
0 0.8458488805970148 0.291044776119403 0.029384328358209047 0.3171641791044776
0 0.8934235074626866 0.24813432835820898 0.015391791044776114 0.40671641791044777
0 0.9186100746268657 0.3526119402985074 0.0237873134328359 0.6641791044776119
0 0.9591884328358211 0.28917910447761197 0.015391791044776114 0.4440298507462686
0 0.9897388059701493 0.27891791044776126 0.020522388059701482 0.49813432835820903
0 0.8073694029850748 0.24906716417910446 0.011194029850746433 0.3638059701492537
