0 0.26207684933664477 0.6615698706867303 0.04258524577654024 0.67537313432836
0 0.15547263681592038 0.642723880597015 0.032338308457711434 0.005597014925373074
0 0.310847388032101 0.6636104376929818 0.0348258706467661 0.6417910447761207
0 0.3854188634973859 0.6806083364146801 0.037415212072557616 0.6343283582089573
0 0.442587226159441 0.6454916457721948 0.032484313712219465 0.707089552238807
0 0.4353233830845771 0.7416044776119404 0.039800995024875545 0.505597014925373
0 0.5111940298507462 0.7555970149253731 0.02736318407960198 0.3880597014925374
0 0.4788557213930348 0.8097014925373134 0.022388059701492508 0.2723880597014927
0 0.5522388059701493 0.7817164179104478 0.029850746268656678 0.29850746268656714
0 0.61318407960199 0.7621268656716418 0.03233830845771145 0.42723880597014935
0 0.6753731343283582 0.7705223880597015 0.04228855721393046 0.44029850746268645
0 0.7350746268656715 0.8255597014925372 0.042288557213930315 0.33022388059701485
0 0.7390684711201878 0.6370997753032445 0.056357115241343445 0.7182835820895535
0 0.9353233830845771 0.8087686567164178 0.01990049751243788 0.37126865671641796
0 0.8640554477638389 0.8278388591724921 0.04228855721393033 0.31529850746268717
