0 0.5250855286502738 0.7826851919229904 0.051907297583100635 0.4684111234186343
0 0.9008501117051904 0.6658797319659765 0.31592039800994953 0.06985307789596663
0 0.4647011020376366 0.8167270053765363 0.024414628902301738 0.38246268656716575
0 0.47235040288134633 0.8504817279092114 0.026119402985074546 0.27798507462686645
0 0.4875621890547262 0.9337686567164178 0.01243781094527364 0.12126865671641797
0 0.658177114111609 0.8932537372850505 0.031185871490941076 0.291635920439846
0 0.4442114336660597 0.7880069395947532 0.048969118557917427 0.5033735861760902
0 0.37002487562189046 0.7910447761194029 0.0037313432835821203 0.0074626865671642405
0 0.8425147393555855 0.5327502340789618 0.3408838598291395 0.04671973993701281
0 0.9109713164139583 0.633931381064874 0.21393034825870616 0.05597014925373154
0 0.8006351270680123 0.34178015054875643 0.393651432103406 0.07233699584699359
0 0.28383518924705503 0.8872660005198348 0.02541932209349031 0.335865777304958
0 0.2458479848000888 0.922783095367874 0.022388059701492463 0.35820895522388513
0 0.22532224480582055 0.8610958266714518 0.018656716417910363 0.4104477611940328
0 0.12452527273264474 0.7290144592828562 0.24905054546528949 0.033582089552239014
0 0.1852932795910461 0.5560711210277625 0.3553631469032077 0.05216972237170662
0 0.16118571117391894 0.30629004167224694 0.30970149253731244 0.034799831934878865
0 0.21583437913795867 0.1406903667592144 0.40622984639923543 0.052678504162675555
0 0.17462513695290213 0.02511610307853041 0.29621557551072125 0.048507462686567235
0 0.23009950248756217 0.13526119402985073 0.007462686567164169 0.005597014925373145
0 0.3943981551746974 0.036095650394406154 0.30031147833468547 0.07219130078881245
0 0.41817225195352775 0.2394079572869171 0.02238805970149251 0.16417910447761389
0 0.4919154228855721 0.15764925373134328 0.03855721393034827 0.31529850746268656
0 0.5489564839322273 0.18376865671641832 0.0298507462686568 0.3675373134328365
0 0.652277280801095 0.09514925373134356 0.027363184079601973 0.19029850746268712
0 0.7784983706589418 0.1813957134420537 0.02736318407960177 0.3627914268841074
0 0.858290626239198 0.3067810696195758 0.30721393034825784 0.04850746268656738
0 0.8177860696517412 0.4216417910447761 0.3644278606965175 0.059701492537313425
0 0.6806507553968686 0.907781558155825 0.028275798353153782 0.37123428112535345
