0 0.25685892678925804 0.25910107714604486 0.11691542288557162 0.5182021542920897
0 0.16187341897894408 0.69851118947843 0.06716417910447754 0.4421641791044788
0 0.40514855401845506 0.5059850419348241 0.07711442786069603 0.9913743194626643
0 0.5211442786069651 0.6082089552238805 0.047263681592039856 0.7686567164179103
0 0.639471186630399 0.7055013697765363 0.04975124378109448 0.5727611940298518
0 0.6901529088712658 0.7385694843274494 0.049751243781094544 0.4981343283582097
0 0.7808345860334407 0.7270219995369464 0.07462686567164194 0.5186567164179123
0 0.7828142319191462 0.2601300605524563 0.08706467661691525 0.48447881800763015
0 0.3579349748321835 0.8151315585626281 0.014925373134328422 0.319029850746269
0 0.39520252807064926 0.8192924164953911 0.024875621890547265 0.29477611940298565
0 0.4321100221677031 0.8175985215077327 0.017412935323383043 0.3283582089552241
0 0.7433677328381387 0.7532416107214026 0.04228855721393028 0.40671641791044844
0 0.1617359199137438 0.7865567691133406 0.04717183368428887 0.22761194029850781
0 0.2110159161191377 0.8067138439021556 0.01990049751243776 0.21268656716417936
