0 0.3804890219560878 0.5029940119760478 0.022455089820359292 0.3632734530938123
0 0.46220059880239517 0.5169660678642714 0.01871257485029936 0.3233532934131736
0 0.502120758483034 0.49900199600798395 0.023702594810379268 0.30738522954091807
0 0.17028443113772457 0.3772455089820359 0.031187624750499 0.5748502994011975
0 0.11289920159680637 0.4201596806387225 0.036177644710578834 0.500998003992016
0 0.7410179640718563 0.5708582834331337 0.03493013972055877 0.2914171656686627
0 0.596931137724551 0.4201596806387225 0.028692614770459174 0.35728542914171657
0 0.28692614770459085 0.4331337325349301 0.03742514970059879 0.39520958083832325
0 0.21394710578842313 0.4341317365269461 0.05114770459081839 0.3812375249500998
0 0.7921656686626747 0.6167664670658681 0.03742514970059872 0.20758483033932137
0 0.6324850299401197 0.4640718562874251 0.0074850299401197865 0.4211576846307385
