0 0.4370883347365346 0.7142854944356842 0.1378284657553713 0.5508982035928172
0 0.5679717488100731 0.8253493013972059 0.07099646860125915 0.301397205588823
0 0.4526024873330263 0.8043912175648703 0.053247351450944294 0.3512974051896208
0 0.723324162167883 0.8535192412097615 0.11093198218946604 0.27544910179640775
0 0.7343535241203771 0.15955175263801252 0.09961731994699083 0.3077641114368193
0 0.8075848303393209 0.49401197604790426 0.38160601873176686 0.10578842315369258
0 0.32574719683198966 0.2983098188395633 0.060730485044347554 0.2035928143712585
0 0.11093198218946723 0.56187624750499 0.18636573007830495 0.125748502994012
0 0.8616382619376631 0.29940119760479045 0.27672347612467374 0.035928143712574856
0 0.886043298019346 0.17664670658682635 0.22791340396130808 0.0898203592814371
0 0.8904805773069246 0.6936127744510978 0.21903884538615073 0.16167664670658688
0 0.06655918931368034 0.7534930139720559 0.10649470290188853 0.24151696606786438
0 0.14439586236493102 0.4833161795571032 0.24405036081682754 0.0319361277445115
0 0.20855212651619837 0.29840319361277445 0.38160601873176725 0.04990019960079835
0 0.6833410102871181 0.8822355289421158 0.1153692614770459 0.2315369261477045
0 0.37495009980039923 0.8932135728542915 0.03993551358820817 0.21357285429141712
0 0.19446995765627864 0.4299647714441076 0.3799686991870279 0.01533137284306817
0 0.45894886234005133 0.19657491791309042 0.06655918931368009 0.13373253493013962
