0 0.7808544303797467 0.6431962025316456 0.05696202531645568 0.21360759493670892
0 0.644382911392405 0.6439873417721519 0.06882911392405063 0.15189873417721514
0 0.3322784810126582 0.6550632911392407 0.04272151898734176 0.1772151898734178
0 0.2563291139240506 0.6700949367088608 0.03797468354430382 0.14398734177215183
0 0.39280063291139244 0.6439873417721519 0.01661392405063296 0.10126582278481003
0 0.10101508183195274 0.6306412509201413 0.03560126582278478 0.19145569620253164
0 0.5411392405063292 0.6218354430379747 0.018987341772151892 0.060126582278480924
0 0.4276901597580154 0.6197659859529858 0.021360759493670823 0.06329113924050643
0 0.47824367088607594 0.6099683544303798 0.021360759493670826 0.049050632911392424
0 0.12341772151898735 0.6384493670886077 0.03322784810126581 0.10601265822784804
0 0.2076740506329114 0.6226265822784811 0.0213607594936709 0.06803797468354432
0 0.06296742415947988 0.6103046366481668 0.010717859431400835 0.02947411343635217
0 0.020765852648339106 0.6000333546930742 0.01473705671817614 0.021435718862801566
0 0.09378127002475725 0.6013730871219994 0.008038394573550623 0.016969944099718078
