0 0.4841772151898732 0.7017405063291133 0.016877637130801208 0.5933544303797474
0 0.6585519136048972 0.6104323575141017 0.030316389102547314 0.8002322745976536
0 0.7071069582369671 0.6540201533096482 0.018144386095670175 0.7148611379253198
0 0.3257913180840657 0.5696637446947463 0.022151898734177316 0.8607594936708857
0 0.2382614857902277 0.542263174881585 0.02940850294145073 0.9363371877104382
0 0.30029032657229565 0.6044108866199415 0.025316455696202514 0.7895569620253177
0 0.15197113558358807 0.5206905033011482 0.026371308016877548 0.8741280234622769
0 0.15955017141075536 0.4892044546992881 0.007585369771556671 0.4462025316455725
0 0.43776371308016837 0.8544303797468353 0.018987341772151885 0.2911392405063292
0 0.67445915163203 0.7756491161800498 0.010548523206750959 0.4541139240506347
0 0.5870253164556961 0.8908227848101267 0.015822784810126507 0.2183544303797467
0 0.08075389923885384 0.46978408075239403 0.012658227848101325 0.3987341772151922
0 0.9338546331395047 0.5829565863100344 0.01793248945147678 0.3386075949367096
0 0.9442590357412574 0.45064593766231814 0.013713080168776344 0.208860759493672
