0 0.2612242879746835 0.40981012658227844 0.022250791139240497 0.4177215189873418
0 0.6408227848101266 0.5 0.017800632911392354 0.6170886075949367
0 0.42242619438821744 0.545505408400807 0.012460443037974677 0.2721518987341772
0 0.23763844936708856 0.4564873417721519 0.01246044303797465 0.375
0 0.016020569620253163 0.5031645569620253 0.021360759493670885 0.9936708860759493
0 0.6826542721518986 0.636867088607595 0.019580696202531556 0.3465189873417722
0 0.2233979430379747 0.46914556962025317 0.008900316455696248 0.3212025316455697
0 0.3613528481012658 0.46439873417721517 0.008900316455696214 0.06803797468354425
0 0.3439972310126582 0.4643987341772152 0.006230221518987378 0.055379746835443056
0 0.3751483386075949 0.4549050632911393 0.006230221518987378 0.09335443037974685
0 0.4761669303797468 0.43275316455696206 0.007120253164556942 0.055379746835443056
0 0.4908524525316455 0.4208860759493671 0.00801028481012665 0.05063291139240505
0 0.4009592563291139 0.45253164556962033 0.006230221518987378 0.11392405063291143
0 0.3849386867088607 0.4580696202531646 0.004450158227848107 0.052215189873417674
0 0.3933939873417721 0.44857594936708856 0.005340189873417742 0.030063291139240535
0 0.4143097310126582 0.44699367088607594 0.006230221518987378 0.0901898734177216
0 0.32225823175879076 0.5489072424565531 0.022250791139240497 0.20253164556962044
0 0.4049643987341771 0.6075949367088608 0.010680379746835413 0.08227848101265821
0 0.7227056962025316 0.5348101265822784 0.024920886075949226 0.5569620253164557
0 0.7743275316455696 0.507120253164557 0.04806170886075961 0.5775316455696203
0 0.4459058544303797 0.4343354430379748 0.008900316455696214 0.05221518987341774
0 0.46326147151898733 0.6044303797468354 0.01869066455696199 0.13924050632911394
0 0.9935225474683544 0.21044303797468356 0.012954905063291165 0.31012658227848106
0 0.9639042721518986 0.2729430379746835 0.023140822784810097 0.23892405063291136
0 0.9456586234177214 0.2974683544303797 0.013350474683544177 0.27848101265822783
0 0.8873615506329113 0.3900316455696202 0.01780063291139257 0.17563291139240506
0 0.8401898734177214 0.37816455696202533 0.014240506329114026 0.13607594936708864
0 0.8713409810126581 0.4042721518987342 0.019580696202531698 0.11234177215189874
0 0.827284414556962 0.38528481012658233 0.006230221518987378 0.09335443037974692
0 0.5331289556962024 0.4596518987341773 0.012460443037974613 0.21993670886075953
0 0.5660601265822784 0.4564873417721519 0.010680379746835484 0.22310126582278486
0 0.5820806962025317 0.4272151898734177 0.014240506329113884 0.2689873417721519
0 0.602106408227848 0.41297468354430383 0.018690664556962132 0.27531645569620256
0 0.5171083860759492 0.47389240506329117 0.010680379746835413 0.15664556962025308
0 0.6741989715189872 0.3995253164556962 0.008010284810126507 0.09968354430379747
