0 0.8481012658227849 0.48575949367088606 0.04641350210970472 0.9651898734177214
0 0.09599156118143458 0.502373417721519 0.19198312236286916 0.995253164556962
0 0.4567997933716628 0.49733873511122534 0.044303797468354444 0.9890390585987412
0 0.4985223579297257 0.4390822784810133 0.031645569620253174 0.8781645569620266
0 0.23206751054852323 0.4944620253164558 0.025316455696202524 0.9857594936708861
0 0.3691983122362869 0.49208860759493667 0.05063291139240505 0.9272151898734177
0 0.6885161378175559 0.462531086819082 0.05436844828075375 0.9243871511423972
0 0.9419831223628691 0.4849683544303797 0.11603375527426167 0.9636075949367089
0 0.6835443037974683 0.5466772151898734 0.012658227848101262 0.6186708860759493
0 0.8111814345991558 0.4367088607594938 0.07805907172995756 0.8734177215189876
0 0.2890295358649789 0.44857594936708867 0.021097046413502126 0.754746835443038
