0 0.46267167158220873 0.564870259481038 0.03977120386093489 0.3912175648702595
0 0.5780081627789199 0.5858283433133732 0.04242261745166388 0.36926147704590817
0 0.17764471057884232 0.5209580838323353 0.037119790270205844 0.3473053892215569
0 0.1073822504245241 0.5469061876247505 0.037119790270205844 0.31536926147704586
0 0.6827389996127148 0.5508982035928144 0.026514135907289925 0.2954091816367266
0 0.5150370899991062 0.6177644710578842 0.02783984270265435 0.17764471057884237
0 0.38975779783716147 0.6347305389221557 0.023862722316560933 0.13173652694610766
0 0.4189233473351804 0.6367265469061877 0.013257067953644962 0.12375249500998009
0 0.7596299937438556 0.468063872255489 0.01060565436291597 0.36926147704590817
0 0.33208955223880593 0.6487025948103792 0.017234188339738454 0.11177644710578839
