0 0.11249092634400074 0.7922344384127535 0.06641981906325145 0.4123134328358207
0 0.2778790674084114 0.7991555972188195 0.059777837156926326 0.3992537313432837
0 0.4317288239111348 0.8125 0.05977783715692638 0.3600746268656716
0 0.587815398709776 0.8255597014925374 0.0398518914379509 0.32276119402985076
0 0.7555254418444861 0.8218283582089552 0.05645684620376372 0.3227611940298506
0 0.8313289515429965 0.6560050252176376 0.09962972859487719 0.6884328358208955
0 0.9680688628468908 0.9169776119402985 0.04981486429743853 0.16604477611940283
0 0.2856052219719815 0.9188432835820894 0.03320990953162578 0.15111940298507462
0 0.3344083004170355 0.9176090449577987 0.02656792762530059 0.12313432835820892
0 0.6475932358667024 0.9057835820895522 0.04649387334427601 0.16977611940298487
