0 0.7109579795889988 0.5081102098713014 0.07543023509821714 0.9900630610516792
0 0.5162721077934107 0.613132911392405 0.03589622017377501 0.7737341772151899
0 0.32095715213897336 0.6376219388591382 0.0432866184448463 0.7135940077754536
0 0.2718267293298596 0.6211600948214288 0.03061736426586691 0.7341772151898753
0 0.6502608612571439 0.56379911087332 0.025338508357958856 0.8765822784810139
0 0.4803758876196356 0.7159810126582278 0.016892338905305882 0.564873417721519
0 0.8441063404509214 0.50168917090539 0.03906353371851971 0.9316937544483213
0 0.7877883796974117 0.5799649545509239 0.03272890662903008 0.84263054967188
0 0.5907039760949147 0.821993670886076 0.017948110086887396 0.33069620253164556
0 0.4106949896352489 0.7816455696202531 0.03589622017377501 0.40189873417721517
0 0.09811180976873671 0.48764358933865254 0.022771690240816805 0.7863924050632934
0 0.03383381543258812 0.2469116384667277 0.008446169452652906 0.2484177215189881
0 0.678156926760672 0.8185657146615555 0.05088005190155538 0.3622860173523229
0 0.9367623214390575 0.2782562312496802 0.03589622017377498 0.343354430379748
0 0.3573785449653774 0.6606012658227849 0.03695199135535645 0.6598101265822786
0 0.2516142216820769 0.7138076454330158 0.057334053124144295 0.5648734177215197
