0 0.5132987159481812 0.8158557033461252 0.07026878287555655 0.365671641791045
0 0.44451336595881863 0.791696486563547 0.09128630071056837 0.43843283582089554
0 0.5990720514669552 0.85073982105089 0.05562384392868364 0.30597014925373206
0 0.6120260773508598 0.7947512219514721 0.09570866464077216 0.43656716417910546
0 0.7716535548896737 0.8715345937066021 0.05309403311847983 0.3088067805671375
0 0.955942350168201 0.6544477203784598 0.27524544853515304 0.04104477611940318
0 0.8627345234159758 0.5201310234794526 0.3903376375976711 0.052238805970149335
0 0.8866706365936525 0.5155756667471338 0.23193709204388527 0.0412624793121529
0 0.6452017783436297 0.5704545459275905 0.05868287870989843 0.2542148541597886
0 0.8088255011442572 0.41785075492183416 0.37165823182935864 0.04291044776119417
0 0.8649157789670636 0.3740319518269574 0.341601042009686 0.03358208955223885
0 0.8646295466464058 0.3389217855250453 0.44104665423603967 0.040169649967974876
0 0.8062149606963438 0.09888059701492548 0.06147730150560813 0.19776119402985096
0 0.6917047230018676 0.16511194029850806 0.08103826107557452 0.3302238805970161
0 0.3874772604275701 0.027788329894700134 0.3885470060791308 0.055576659789400275
0 0.3221970950649482 0.04089484476912283 0.5253514855933787 0.05297631781758585
0 0.19942703800926517 0.3171423934668392 0.33253631268942613 0.04104477611940309
0 0.25416375101547806 0.38705155927980267 0.46325873533947776 0.05308205882691465
0 0.21613266275793513 0.6399806671044727 0.43226532551587027 0.05141015729051597
0 0.25124544516615044 0.7849075986127739 0.5024908903323009 0.054104477611940406
