0 0.01616915422885572 0.40391791044776126 0.03233830845771144 0.6958955223880597
0 0.06343283582089553 0.46268656716417916 0.0373134328358209 0.7947761194029852
0 0.11691542288557212 0.46828358208955223 0.07462686567164177 0.8731343283582089
0 0.18034825870646767 0.4309701492537313 0.04228855721393035 0.8208955223880596
0 0.2300995024875622 0.4645522388059702 0.04726368159203978 0.7164179104477613
0 0.345771144278607 0.46082089552238803 0.014925373134328339 0.7014925373134328
0 0.40777944973108804 0.4448872672197426 0.022388059701492567 0.7630597014925388
0 0.5124378109452736 0.4421641791044777 0.05472636815920396 0.8470149253731344
0 0.6082089552238807 0.45708955223880593 0.07711442786069661 0.8731343283582089
0 0.6803482587064675 0.4860074626865671 0.04726368159203972 0.6884328358208954
0 0.7151741293532339 0.2751865671641791 0.042288557213930315 0.5503731343283582
0 0.7748756218905473 0.5074626865671642 0.052238805970149266 0.9850746268656717
0 0.8905472636815918 0.48227611940298515 0.06965174129353281 0.9384328358208956
0 0.9676616915422886 0.47388059701492535 0.0646766169154229 0.9365671641791045
0 0.2736318407960199 0.6511194029850746 0.02985074626865675 0.30970149253731344
