0 0.5433655934781343 0.4780439121756488 0.17663123975322265 0.8123752495009982
0 0.8337593266317378 0.5009980039920161 0.08681874496344846 0.8582834331337327
0 0.03442812300274681 0.4171656686626747 0.05089374704753876 0.7784431137724552
0 0.21105936275596957 0.40518962075848286 0.05089374704753873 0.6946107784431135
0 0.33829373037481647 0.41317365269461087 0.06586249617916781 0.6147704590818365
0 0.9310561959873266 0.45109780439121755 0.05987499652651636 0.626746506986028
0 0.40565310146714706 0.42814371257485023 0.04490624739488716 0.5688622754491017
0 0.15417811605577916 0.48403193612774453 0.044906247394887126 0.6167664670658682
0 0.1002906191819146 0.43912175648702595 0.03891874774223553 0.6506986027944112
0 0.7050280840997281 0.46307385229540915 0.050893747047538795 0.5309381237524949
