0 0.8802742616033755 0.8148734177215189 0.02215189873417728 0.3322784810126582
0 0.2900843881856538 0.603639240506329 0.023206751054852353 0.7705696202531642
0 0.20569620253164556 0.8544303797468357 0.029535864978902905 0.26265822784810083
0 0.5073730782314648 0.8236892767672239 0.011603375527426178 0.31645569620253217
0 0.6603375527426161 0.8156645569620252 0.018987341772151892 0.32436708860759483
0 0.10390295358649794 0.8520569620253161 0.017932489451476834 0.2262658227848101
0 0.03850210970464135 0.8623417721518988 0.015822784810126583 0.1392405063291139
0 0.010021097046413503 0.8765822784810127 0.007383966244725739 0.11392405063291136
0 0.07753164556962025 0.8560126582278481 0.007383966244725739 0.15189873417721514
0 0.1461186182063886 0.8563934623034867 0.007383966244725726 0.19936708860759475
0 0.2552742616033755 0.8829113924050634 0.008438818565400866 0.16455696202531656
0 0.771097046413502 0.8204113924050634 0.0232067510548523 0.2674050632911392
0 0.9112984965451781 0.8198305883957003 0.018987341772151892 0.28184167340091654
0 0.44567510548523204 0.8860759493670887 0.015822784810126576 0.17721518987341767
0 0.4947257383966244 0.8670886075949368 0.01687763713080166 0.19936708860759494
0 0.6988396624472574 0.8322784810126583 0.020042194092827117 0.2626582278481014
0 0.5601265822784811 0.8829113924050632 0.010548523206751028 0.1392405063291139
0 0.4129746835443038 0.8670886075949368 0.013713080168776344 0.1962025316455697
0 0.3429188532776116 0.859339913474138 0.02320675105485226 0.2609453716480684
0 0.5895976507045289 0.7107981675603932 0.021421226870973073 0.5629897246212854
0 0.9630801687763713 0.8267405063291139 0.012658227848100993 0.2642405063291139
0 0.9894514767932489 0.8354430379746836 0.018987341772151892 0.2626582278481014
0 0.725210970464135 0.8354430379746836 0.013713080168776487 0.2626582278481014
0 0.5437763713080169 0.8607594936708861 0.007383966244725855 0.21835443037974683
0 0.6293487768222835 0.8397933571767626 0.0158227848101265 0.23726547744074408
0 0.39767932489451474 0.8718354430379748 0.0105485232067511 0.1677215189873418
0 0.8401898734177214 0.7998417721518988 0.030590717299578074 0.34018987341772144
