0 0.05084664656775106 0.8268646760311609 0.05056179775280892 0.19589552238805993
0 0.10975832779243357 0.7687252352292839 0.03556202142312434 0.24253731343283658
0 0.21091449718066513 0.5652119396465437 0.03651685393258421 0.7276119402985093
0 0.26134796018399226 0.5986778148707479 0.047752808988764016 0.6492537313432841
0 0.39983400438900313 0.6206323988685505 0.02808988764044925 0.6044776119403066
0 0.5224719101123596 0.5979477611940298 0.033707865168539256 0.6063432835820896
0 0.5955056179775281 0.7509328358208955 0.03370786516853947 0.30037313432835816
0 0.7050561797752809 0.8134328358208955 0.028089887640449406 0.20149253731343295
0 0.7346098010568671 0.5264315564041383 0.06460674157303363 0.8283582089552252
0 0.8534685279665528 0.8270074902891861 0.03370786516853923 0.20708955223880662
0 0.4129213483146067 0.8339552238805971 0.033707865168539325 0.1791044776119402
0 0.9396067415730337 0.8703358208955223 0.02528089887640448 0.11753731343283576
