0 0.8459915611814347 0.7412974683544304 0.008438818565400795 0.4098101265822786
0 0.7668776371308017 0.7143987341772151 0.0105485232067511 0.45094936708860756
0 0.25263713080168776 0.6653481012658227 0.013713080168776379 0.4224683544303797
0 0.31856540084388185 0.6803797468354431 0.01687763713080173 0.42405063291139244
0 0.42457805907172996 0.6265822784810127 0.015822784810126507 0.48101265822784794
0 0.4794303797468355 0.6582278481012659 0.015822784810126576 0.4778481012658229
0 0.5232067510548524 0.6550632911392406 0.025316455696202597 0.5126582278481012
0 0.3496835443037975 0.6732594936708861 0.01160337552742618 0.2674050632911393
0 0.03691983122362869 0.5055379746835443 0.010548523206751054 0.1724683544303798
0 0.5537974683544304 0.6764240506329113 0.014767932489451496 0.5015822784810127
0 0.5722573839662448 0.6811708860759493 0.015822784810126576 0.49208860759493667
0 0.6149789029535865 0.6598101265822786 0.014767932489451354 0.5443037974683544
0 0.37763713080168776 0.7207278481012658 0.006329113924050631 0.23575949367088606
0 0.39345991561181437 0.7159810126582278 0.01687763713080166 0.24208860759493675
0 0.4530590717299578 0.7302215189873418 0.013713080168776344 0.2674050632911394
0 0.6418776371308017 0.7041139240506328 0.007383966244725641 0.46835443037974683
0 0.666139240506329 0.7539556962025317 0.013713080168776487 0.3623417721518987
0 0.7078059071729957 0.7666139240506328 0.012658227848101262 0.3401898734177216
0 0.800632911392405 0.7729430379746836 0.014767932489451425 0.3275316455696203
0 0.74319140774837 0.77114499424626 0.013425393172228723 0.3409090909090909
0 0.1769275028768702 0.679085155350978 0.01630226313770617 0.15966628308400452
0 0.2991944764096665 0.6294591484464902 0.01534330648254695 0.26754890678941307
0 0.3644035289604912 0.71216915995397 0.007671653241273475 0.17117376294591474
0 0.4099539700805526 0.7272727272727272 0.0067126965861142905 0.20138089758342909
0 0.5010548523206753 0.7474108170310703 0.008630609896432731 0.2934407364787112
