0 0.47104187497741984 0.6199187256765861 0.014767932489451428 0.7373417721519027
0 0.23945147679324894 0.7302215189873417 0.014767932489451496 0.4825949367088608
0 0.0857377721346627 0.6518497976967665 0.010548523206751044 0.5379746835443042
0 0.15405346078058713 0.6098425065502775 0.00949367088607594 0.3844936708860758
0 0.16930379746835442 0.6408227848101266 0.017932489451476775 0.31962025316455694
0 0.32594936708860756 0.7254746835443038 0.01687763713080173 0.38449367088607594
0 0.2732067510548523 0.7183544303797469 0.012658227848101227 0.28481012658227856
0 0.35403413692935987 0.6452541269732484 0.018987341772151865 0.4462025316455707
0 0.402632715666428 0.5958767154935751 0.012658227848101248 0.4256329113924069
0 0.5673163786245281 0.6216222915216059 0.026559830065262906 0.4825949367088633
0 0.6219060186417905 0.6500412085356686 0.020042194092826936 0.4303797468354464
0 0.6960104219550047 0.5603617587518914 0.03991540672566279 0.38132911392405267
0 0.45342558727445637 0.6171460024590809 0.017932489451476793 0.26265822784810167
0 0.5031645569620253 0.6518987341772153 0.014767932489451425 0.1740506329113925
0 0.7753682542469662 0.5803358834035883 0.015822784810126486 0.33386075949367144
0 0.8476200160656425 0.5596606894702926 0.0168776371308017 0.4113924050632932
0 0.7919766840470678 0.5966293667638989 0.015822784810126493 0.39398734177215305
0 0.501855922970757 0.6501724903094964 0.013713080168776395 0.3053797468354436
0 0.9256048100184269 0.5332077258631436 0.008331776594861829 0.2683900531987266
